GHCN identifier,Station_name,Latitude,Longitude,Elevation,yearmonth,Precipitation_value,Measurement_flag,Quality_control_flag,Source_flag,Source_index
ARMLP087860,                  "COMODORO RIVADAVIA A", -45.8000,  -67.5000,    46.0,193101,   780, , ,R,078746
ARMLP087860,                  "COMODORO RIVADAVIA A", -45.8000,  -67.5000,    46.0,193102,   220, , ,R,078746
ARMLP087860,                  "COMODORO RIVADAVIA A", -45.8000,  -67.5000,    46.0,193103,    20, , ,R,078746
ARMLP087860,                  "COMODORO RIVADAVIA A", -45.8000,  -67.5000,    46.0,193104,    40, , ,R,078746
ARMLP087860,                  "COMODORO RIVADAVIA A", -45.8000,  -67.5000,    46.0,193105,    20, , ,R,078746
ARMLP087860,                  "COMODORO RIVADAVIA A", -45.8000,  -67.5000,    46.0,193106,   150, , ,R,078746
ARMLP087860,                  "COMODORO RIVADAVIA A", -45.8000,  -67.5000,    46.0,193107,    80, , ,R,078746
ARMLP087860,                  "COMODORO RIVADAVIA A", -45.8000,  -67.5000,    46.0,193108,    10, , ,R,078746
ARMLP087860,                  "COMODORO RIVADAVIA A", -45.8000,  -67.5000,    46.0,193109,    40, , ,R,078746
ARMLP087860,                  "COMODORO RIVADAVIA A", -45.8000,  -67.5000,    46.0,193110,   150, , ,R,078746
ARMLP087860,                  "COMODORO RIVADAVIA A", -45.8000,  -67.5000,    46.0,193111,   130, , ,R,078746
ARMLP087860,                  "COMODORO RIVADAVIA A", -45.8000,  -67.5000,    46.0,193112,   110, , ,R,078746
ARMLP087860,                  "COMODORO RIVADAVIA A", -45.8000,  -67.5000,    46.0,193201,    50, , ,R,078746
ARMLP087860,                  "COMODORO RIVADAVIA A", -45.8000,  -67.5000,    46.0,193202,   200, , ,R,078746
ARMLP087860,                  "COMODORO RIVADAVIA A", -45.8000,  -67.5000,    46.0,193203,    40, , ,R,078746
ARMLP087860,                  "COMODORO RIVADAVIA A", -45.8000,  -67.5000,    46.0,193204,   550, , ,R,078746
ARMLP087860,                  "COMODORO RIVADAVIA A", -45.8000,  -67.5000,    46.0,193205,   270, , ,R,078746
ARMLP087860,                  "COMODORO RIVADAVIA A", -45.8000,  -67.5000,    46.0,193206,   190, , ,R,078746
ARMLP087860,                  "COMODORO RIVADAVIA A", -45.8000,  -67.5000,    46.0,193207,   630, , ,R,078746
ARMLP087860,                  "COMODORO RIVADAVIA A", -45.8000,  -67.5000,    46.0,193208,    50, , ,R,078746
ARMLP087860,                  "COMODORO RIVADAVIA A", -45.8000,  -67.5000,    46.0,193209,   120, , ,R,078746
ARMLP087860,                  "COMODORO RIVADAVIA A", -45.8000,  -67.5000,    46.0,193210,   100, , ,R,078746
ARMLP087860,                  "COMODORO RIVADAVIA A", -45.8000,  -67.5000,    46.0,193211,   200, , ,R,078746
ARMLP087860,                  "COMODORO RIVADAVIA A", -45.8000,  -67.5000,    46.0,193212,     0, , ,R,078746
ARMLP087860,                  "COMODORO RIVADAVIA A", -45.8000,  -67.5000,    46.0,193301,   200, , ,R,078746
ARMLP087860,                  "COMODORO RIVADAVIA A", -45.8000,  -67.5000,    46.0,193302,    50, , ,R,078746
ARMLP087860,                  "COMODORO RIVADAVIA A", -45.8000,  -67.5000,    46.0,193303,    10, , ,R,078746
ARMLP087860,                  "COMODORO RIVADAVIA A", -45.8000,  -67.5000,    46.0,193304,   500, , ,R,078746
ARMLP087860,                  "COMODORO RIVADAVIA A", -45.8000,  -67.5000,    46.0,193305,     0, , ,R,078746
ARMLP087860,                  "COMODORO RIVADAVIA A", -45.8000,  -67.5000,    46.0,193306,    60, , ,R,078746
ARMLP087860,                  "COMODORO RIVADAVIA A", -45.8000,  -67.5000,    46.0,193307,    20, , ,R,078746
ARMLP087860,                  "COMODORO RIVADAVIA A", -45.8000,  -67.5000,    46.0,193308,   160, , ,R,078746
ARMLP087860,                  "COMODORO RIVADAVIA A", -45.8000,  -67.5000,    46.0,193309,    10, , ,R,078746
ARMLP087860,                  "COMODORO RIVADAVIA A", -45.8000,  -67.5000,    46.0,193310,    50, , ,R,078746
ARMLP087860,                  "COMODORO RIVADAVIA A", -45.8000,  -67.5000,    46.0,193311,   130, , ,R,078746
ARMLP087860,                  "COMODORO RIVADAVIA A", -45.8000,  -67.5000,    46.0,193312,   120, , ,R,078746
ARMLP087860,                  "COMODORO RIVADAVIA A", -45.8000,  -67.5000,    46.0,193401,     0, , ,R,078746
ARMLP087860,                  "COMODORO RIVADAVIA A", -45.8000,  -67.5000,    46.0,193402,   200, , ,R,078746
ARMLP087860,                  "COMODORO RIVADAVIA A", -45.8000,  -67.5000,    46.0,193403,   140, , ,R,078746
ARMLP087860,                  "COMODORO RIVADAVIA A", -45.8000,  -67.5000,    46.0,193404,    10, , ,R,078746
ARMLP087860,                  "COMODORO RIVADAVIA A", -45.8000,  -67.5000,    46.0,193405,   340, , ,R,078746
ARMLP087860,                  "COMODORO RIVADAVIA A", -45.8000,  -67.5000,    46.0,193406,   280, , ,R,078746
ARMLP087860,                  "COMODORO RIVADAVIA A", -45.8000,  -67.5000,    46.0,193407,    40, , ,R,078746
ARMLP087860,                  "COMODORO RIVADAVIA A", -45.8000,  -67.5000,    46.0,193408,    20, , ,R,078746
ARMLP087860,                  "COMODORO RIVADAVIA A", -45.8000,  -67.5000,    46.0,193409,    10, , ,R,078746
ARMLP087860,                  "COMODORO RIVADAVIA A", -45.8000,  -67.5000,    46.0,193410,    10, , ,R,078746
ARMLP087860,                  "COMODORO RIVADAVIA A", -45.8000,  -67.5000,    46.0,193411,   290, , ,R,078746
ARMLP087860,                  "COMODORO RIVADAVIA A", -45.8000,  -67.5000,    46.0,193412,    40, , ,R,078746
ARMLP087860,                  "COMODORO RIVADAVIA A", -45.8000,  -67.5000,    46.0,193501,    90, , ,R,078746
ARMLP087860,                  "COMODORO RIVADAVIA A", -45.8000,  -67.5000,    46.0,193502,   280, , ,R,078746
ARMLP087860,                  "COMODORO RIVADAVIA A", -45.8000,  -67.5000,    46.0,193503,    10, , ,R,078746
ARMLP087860,                  "COMODORO RIVADAVIA A", -45.8000,  -67.5000,    46.0,193504,    40, , ,R,078746
ARMLP087860,                  "COMODORO RIVADAVIA A", -45.8000,  -67.5000,    46.0,193505,   150, , ,R,078746
ARMLP087860,                  "COMODORO RIVADAVIA A", -45.8000,  -67.5000,    46.0,193506,    50, , ,R,078746
ARMLP087860,                  "COMODORO RIVADAVIA A", -45.8000,  -67.5000,    46.0,193507,   190, , ,R,078746
ARMLP087860,                  "COMODORO RIVADAVIA A", -45.8000,  -67.5000,    46.0,193508,    40, , ,R,078746
ARMLP087860,                  "COMODORO RIVADAVIA A", -45.8000,  -67.5000,    46.0,193509,   120, , ,R,078746
ARMLP087860,                  "COMODORO RIVADAVIA A", -45.8000,  -67.5000,    46.0,193510,   270, , ,R,078746
ARMLP087860,                  "COMODORO RIVADAVIA A", -45.8000,  -67.5000,    46.0,193511,    70, , ,R,078746
ARMLP087860,                  "COMODORO RIVADAVIA A", -45.8000,  -67.5000,    46.0,193512,   400, , ,R,078746
ARMLP087860,                  "COMODORO RIVADAVIA A", -45.8000,  -67.5000,    46.0,193601,    30, , ,R,078746
ARMLP087860,                  "COMODORO RIVADAVIA A", -45.8000,  -67.5000,    46.0,193602,    20, , ,R,078746
ARMLP087860,                  "COMODORO RIVADAVIA A", -45.8000,  -67.5000,    46.0,193603,    40, , ,R,078746
ARMLP087860,                  "COMODORO RIVADAVIA A", -45.8000,  -67.5000,    46.0,193604,   290, , ,R,078746
ARMLP087860,                  "COMODORO RIVADAVIA A", -45.8000,  -67.5000,    46.0,193605,  1380, , ,R,078746
ARMLP087860,                  "COMODORO RIVADAVIA A", -45.8000,  -67.5000,    46.0,193606,   430, , ,R,078746
ARMLP087860,                  "COMODORO RIVADAVIA A", -45.8000,  -67.5000,    46.0,193607,    20, , ,R,078746
ARMLP087860,                  "COMODORO RIVADAVIA A", -45.8000,  -67.5000,    46.0,193608,   330, , ,R,078746
ARMLP087860,                  "COMODORO RIVADAVIA A", -45.8000,  -67.5000,    46.0,193609,   180, , ,R,078746
ARMLP087860,                  "COMODORO RIVADAVIA A", -45.8000,  -67.5000,    46.0,193610,    50, , ,R,078746
ARMLP087860,                  "COMODORO RIVADAVIA A", -45.8000,  -67.5000,    46.0,193611,    30, , ,R,078746
ARMLP087860,                  "COMODORO RIVADAVIA A", -45.8000,  -67.5000,    46.0,193612,   100, , ,R,078746
ARMLP087860,                  "COMODORO RIVADAVIA A", -45.8000,  -67.5000,    46.0,193701,    50, , ,R,078746
ARMLP087860,                  "COMODORO RIVADAVIA A", -45.8000,  -67.5000,    46.0,193702,   210, , ,R,078746
ARMLP087860,                  "COMODORO RIVADAVIA A", -45.8000,  -67.5000,    46.0,193703,   240, , ,R,078746
ARMLP087860,                  "COMODORO RIVADAVIA A", -45.8000,  -67.5000,    46.0,193704,     0, , ,R,078746
ARMLP087860,                  "COMODORO RIVADAVIA A", -45.8000,  -67.5000,    46.0,193705,   130, , ,R,078746
ARMLP087860,                  "COMODORO RIVADAVIA A", -45.8000,  -67.5000,    46.0,193706,   200, , ,R,078746
ARMLP087860,                  "COMODORO RIVADAVIA A", -45.8000,  -67.5000,    46.0,193707,    60, , ,R,078746
ARMLP087860,                  "COMODORO RIVADAVIA A", -45.8000,  -67.5000,    46.0,193708,   460, , ,R,078746
ARMLP087860,                  "COMODORO RIVADAVIA A", -45.8000,  -67.5000,    46.0,193709,    40, , ,R,078746
ARMLP087860,                  "COMODORO RIVADAVIA A", -45.8000,  -67.5000,    46.0,193710,   280, , ,R,078746
ARMLP087860,                  "COMODORO RIVADAVIA A", -45.8000,  -67.5000,    46.0,193711,   350, , ,R,078746
ARMLP087860,                  "COMODORO RIVADAVIA A", -45.8000,  -67.5000,    46.0,193712,   200, , ,R,078746
ARMLP087860,                  "COMODORO RIVADAVIA A", -45.8000,  -67.5000,    46.0,193801,   230, , ,R,078746
ARMLP087860,                  "COMODORO RIVADAVIA A", -45.8000,  -67.5000,    46.0,193802,    80, , ,R,078746
ARMLP087860,                  "COMODORO RIVADAVIA A", -45.8000,  -67.5000,    46.0,193803,    30, , ,R,078746
ARMLP087860,                  "COMODORO RIVADAVIA A", -45.8000,  -67.5000,    46.0,193804,   190, , ,R,078746
ARMLP087860,                  "COMODORO RIVADAVIA A", -45.8000,  -67.5000,    46.0,193805,   250, , ,R,078746
ARMLP087860,                  "COMODORO RIVADAVIA A", -45.8000,  -67.5000,    46.0,193806,   100, , ,R,078746
ARMLP087860,                  "COMODORO RIVADAVIA A", -45.8000,  -67.5000,    46.0,193807,   270, , ,R,078746
ARMLP087860,                  "COMODORO RIVADAVIA A", -45.8000,  -67.5000,    46.0,193808,    30, , ,R,078746
ARMLP087860,                  "COMODORO RIVADAVIA A", -45.8000,  -67.5000,    46.0,193809,   290, , ,R,078746
ARMLP087860,                  "COMODORO RIVADAVIA A", -45.8000,  -67.5000,    46.0,193810,    50, , ,R,078746
ARMLP087860,                  "COMODORO RIVADAVIA A", -45.8000,  -67.5000,    46.0,193811,    80, , ,R,078746
ARMLP087860,                  "COMODORO RIVADAVIA A", -45.8000,  -67.5000,    46.0,193812,    50, , ,R,078746
ARMLP087860,                  "COMODORO RIVADAVIA A", -45.8000,  -67.5000,    46.0,193901,    50, , ,R,078746
ARMLP087860,                  "COMODORO RIVADAVIA A", -45.8000,  -67.5000,    46.0,193902,   120, , ,R,078746
ARMLP087860,                  "COMODORO RIVADAVIA A", -45.8000,  -67.5000,    46.0,193903,   450, , ,R,078746
ARMLP087860,                  "COMODORO RIVADAVIA A", -45.8000,  -67.5000,    46.0,193904,   350, , ,R,078746
ARMLP087860,                  "COMODORO RIVADAVIA A", -45.8000,  -67.5000,    46.0,193905,   300, , ,R,078746
ARMLP087860,                  "COMODORO RIVADAVIA A", -45.8000,  -67.5000,    46.0,193906,   480, , ,R,078746
ARMLP087860,                  "COMODORO RIVADAVIA A", -45.8000,  -67.5000,    46.0,193907,   330, , ,R,078746
ARMLP087860,                  "COMODORO RIVADAVIA A", -45.8000,  -67.5000,    46.0,193908,   950, , ,R,078746
ARMLP087860,                  "COMODORO RIVADAVIA A", -45.8000,  -67.5000,    46.0,193909,    20, , ,R,078746
ARMLP087860,                  "COMODORO RIVADAVIA A", -45.8000,  -67.5000,    46.0,193910,   560, , ,R,078746
ARMLP087860,                  "COMODORO RIVADAVIA A", -45.8000,  -67.5000,    46.0,193911,   120, , ,R,078746
ARMLP087860,                  "COMODORO RIVADAVIA A", -45.8000,  -67.5000,    46.0,193912,   220, , ,R,078746
ARMLP087860,                  "COMODORO RIVADAVIA A", -45.8000,  -67.5000,    46.0,194001,    40, , ,R,078746
ARMLP087860,                  "COMODORO RIVADAVIA A", -45.8000,  -67.5000,    46.0,194002,    60, , ,R,078746
ARMLP087860,                  "COMODORO RIVADAVIA A", -45.8000,  -67.5000,    46.0,194003,    90, , ,R,078746
ARMLP087860,                  "COMODORO RIVADAVIA A", -45.8000,  -67.5000,    46.0,194004,    90, , ,R,078746
ARMLP087860,                  "COMODORO RIVADAVIA A", -45.8000,  -67.5000,    46.0,194005,   120, , ,R,078746
ARMLP087860,                  "COMODORO RIVADAVIA A", -45.8000,  -67.5000,    46.0,194007,   120, , ,R,078746
ARMLP087860,                  "COMODORO RIVADAVIA A", -45.8000,  -67.5000,    46.0,194008,    60, , ,R,078746
ARMLP087860,                  "COMODORO RIVADAVIA A", -45.8000,  -67.5000,    46.0,194009,    20, , ,R,078746
ARMLP087860,                  "COMODORO RIVADAVIA A", -45.8000,  -67.5000,    46.0,194010,    80, , ,R,078746
ARMLP087860,                  "COMODORO RIVADAVIA A", -45.8000,  -67.5000,    46.0,194011,   110, , ,R,078746
ARMLP087860,                  "COMODORO RIVADAVIA A", -45.8000,  -67.5000,    46.0,194012,   120, , ,R,078746
ARMLP087860,                  "COMODORO RIVADAVIA A", -45.8000,  -67.5000,    46.0,194101,    20, , ,R,078746
ARMLP087860,                  "COMODORO RIVADAVIA A", -45.8000,  -67.5000,    46.0,194102,   160, , ,R,078746
ARMLP087860,                  "COMODORO RIVADAVIA A", -45.8000,  -67.5000,    46.0,194103,   200, , ,R,078746
ARMLP087860,                  "COMODORO RIVADAVIA A", -45.8000,  -67.5000,    46.0,194104,   100, , ,R,078746
ARMLP087860,                  "COMODORO RIVADAVIA A", -45.8000,  -67.5000,    46.0,194105,   320, , ,R,078746
ARMLP087860,                  "COMODORO RIVADAVIA A", -45.8000,  -67.5000,    46.0,194106,   140, , ,R,078746
ARMLP087860,                  "COMODORO RIVADAVIA A", -45.8000,  -67.5000,    46.0,194107,   320, , ,R,078746
ARMLP087860,                  "COMODORO RIVADAVIA A", -45.8000,  -67.5000,    46.0,194108,   420, , ,R,078746
ARMLP087860,                  "COMODORO RIVADAVIA A", -45.8000,  -67.5000,    46.0,194109,    60, , ,R,078746
ARMLP087860,                  "COMODORO RIVADAVIA A", -45.8000,  -67.5000,    46.0,194110,    40, , ,R,078746
ARMLP087860,                  "COMODORO RIVADAVIA A", -45.8000,  -67.5000,    46.0,194111,   150, , ,R,078746
ARMLP087860,                  "COMODORO RIVADAVIA A", -45.8000,  -67.5000,    46.0,194112,   220, , ,R,078746
ARMLP087860,                  "COMODORO RIVADAVIA A", -45.8000,  -67.5000,    46.0,194201,   100, , ,R,078746
ARMLP087860,                  "COMODORO RIVADAVIA A", -45.8000,  -67.5000,    46.0,194202,    10, , ,R,078746
ARMLP087860,                  "COMODORO RIVADAVIA A", -45.8000,  -67.5000,    46.0,194203,   300, , ,R,078746
ARMLP087860,                  "COMODORO RIVADAVIA A", -45.8000,  -67.5000,    46.0,194204,   300, , ,R,078746
ARMLP087860,                  "COMODORO RIVADAVIA A", -45.8000,  -67.5000,    46.0,194205,   210, , ,R,078746
ARMLP087860,                  "COMODORO RIVADAVIA A", -45.8000,  -67.5000,    46.0,194206,    30, , ,R,078746
ARMLP087860,                  "COMODORO RIVADAVIA A", -45.8000,  -67.5000,    46.0,194207,   200, , ,R,078746
ARMLP087860,                  "COMODORO RIVADAVIA A", -45.8000,  -67.5000,    46.0,194208,   570, , ,R,078746
ARMLP087860,                  "COMODORO RIVADAVIA A", -45.8000,  -67.5000,    46.0,194209,   560, , ,R,078746
ARMLP087860,                  "COMODORO RIVADAVIA A", -45.8000,  -67.5000,    46.0,194210,    20, , ,R,078746
ARMLP087860,                  "COMODORO RIVADAVIA A", -45.8000,  -67.5000,    46.0,194211,    40, , ,R,078746
ARMLP087860,                  "COMODORO RIVADAVIA A", -45.8000,  -67.5000,    46.0,194212,   110, , ,R,078746
ARMLP087860,                  "COMODORO RIVADAVIA A", -45.8000,  -67.5000,    46.0,194301,     0, , ,R,078746
ARMLP087860,                  "COMODORO RIVADAVIA A", -45.8000,  -67.5000,    46.0,194302,    60, , ,R,078746
ARMLP087860,                  "COMODORO RIVADAVIA A", -45.8000,  -67.5000,    46.0,194303,   230, , ,R,078746
ARMLP087860,                  "COMODORO RIVADAVIA A", -45.8000,  -67.5000,    46.0,194304,   390, , ,R,078746
ARMLP087860,                  "COMODORO RIVADAVIA A", -45.8000,  -67.5000,    46.0,194305,    10, , ,R,078746
ARMLP087860,                  "COMODORO RIVADAVIA A", -45.8000,  -67.5000,    46.0,194306,    80, , ,R,078746
ARMLP087860,                  "COMODORO RIVADAVIA A", -45.8000,  -67.5000,    46.0,194307,   300, , ,R,078746
ARMLP087860,                  "COMODORO RIVADAVIA A", -45.8000,  -67.5000,    46.0,194308,   120, , ,R,078746
ARMLP087860,                  "COMODORO RIVADAVIA A", -45.8000,  -67.5000,    46.0,194309,    60, , ,R,078746
ARMLP087860,                  "COMODORO RIVADAVIA A", -45.8000,  -67.5000,    46.0,194310,    40, , ,R,078746
ARMLP087860,                  "COMODORO RIVADAVIA A", -45.8000,  -67.5000,    46.0,194311,     0, , ,R,078746
ARMLP087860,                  "COMODORO RIVADAVIA A", -45.8000,  -67.5000,    46.0,194312,     0, , ,R,078746
ARMLP087860,                  "COMODORO RIVADAVIA A", -45.8000,  -67.5000,    46.0,194401,    60, , ,R,078746
ARMLP087860,                  "COMODORO RIVADAVIA A", -45.8000,  -67.5000,    46.0,194402,    70, , ,R,078746
ARMLP087860,                  "COMODORO RIVADAVIA A", -45.8000,  -67.5000,    46.0,194403,    20, , ,R,078746
ARMLP087860,                  "COMODORO RIVADAVIA A", -45.8000,  -67.5000,    46.0,194404,   620, , ,R,078746
ARMLP087860,                  "COMODORO RIVADAVIA A", -45.8000,  -67.5000,    46.0,194405,    60, , ,R,078746
ARMLP087860,                  "COMODORO RIVADAVIA A", -45.8000,  -67.5000,    46.0,194406,   640, , ,R,078746
ARMLP087860,                  "COMODORO RIVADAVIA A", -45.8000,  -67.5000,    46.0,194407,   290, , ,R,078746
ARMLP087860,                  "COMODORO RIVADAVIA A", -45.8000,  -67.5000,    46.0,194408,   370, , ,R,078746
ARMLP087860,                  "COMODORO RIVADAVIA A", -45.8000,  -67.5000,    46.0,194409,    40, , ,R,078746
ARMLP087860,                  "COMODORO RIVADAVIA A", -45.8000,  -67.5000,    46.0,194410,   250, , ,R,078746
ARMLP087860,                  "COMODORO RIVADAVIA A", -45.8000,  -67.5000,    46.0,194411,    90, , ,R,078746
ARMLP087860,                  "COMODORO RIVADAVIA A", -45.8000,  -67.5000,    46.0,194412,    50, , ,R,078746
ARMLP087860,                  "COMODORO RIVADAVIA A", -45.8000,  -67.5000,    46.0,194501,    10, , ,R,078746
ARMLP087860,                  "COMODORO RIVADAVIA A", -45.8000,  -67.5000,    46.0,194502,   250, , ,R,078746
ARMLP087860,                  "COMODORO RIVADAVIA A", -45.8000,  -67.5000,    46.0,194503,   110, , ,R,078746
ARMLP087860,                  "COMODORO RIVADAVIA A", -45.8000,  -67.5000,    46.0,194504,   370, , ,R,078746
ARMLP087860,                  "COMODORO RIVADAVIA A", -45.8000,  -67.5000,    46.0,194505,   420, , ,R,078746
ARMLP087860,                  "COMODORO RIVADAVIA A", -45.8000,  -67.5000,    46.0,194506,   210, , ,R,078746
ARMLP087860,                  "COMODORO RIVADAVIA A", -45.8000,  -67.5000,    46.0,194507,    30, , ,R,078746
ARMLP087860,                  "COMODORO RIVADAVIA A", -45.8000,  -67.5000,    46.0,194508,    30, , ,R,078746
ARMLP087860,                  "COMODORO RIVADAVIA A", -45.8000,  -67.5000,    46.0,194509,   250, , ,R,078746
ARMLP087860,                  "COMODORO RIVADAVIA A", -45.8000,  -67.5000,    46.0,194510,     0, , ,R,078746
ARMLP087860,                  "COMODORO RIVADAVIA A", -45.8000,  -67.5000,    46.0,194511,   790, , ,R,078746
ARMLP087860,                  "COMODORO RIVADAVIA A", -45.8000,  -67.5000,    46.0,194512,   170, , ,R,078746
ARMLP087860,                  "COMODORO RIVADAVIA A", -45.8000,  -67.5000,    46.0,194601,   130, , ,R,078746
ARMLP087860,                  "COMODORO RIVADAVIA A", -45.8000,  -67.5000,    46.0,194602,   190, , ,R,078746
ARMLP087860,                  "COMODORO RIVADAVIA A", -45.8000,  -67.5000,    46.0,194603,  1410, , ,R,078746
ARMLP087860,                  "COMODORO RIVADAVIA A", -45.8000,  -67.5000,    46.0,194604,    60, , ,R,078746
ARMLP087860,                  "COMODORO RIVADAVIA A", -45.8000,  -67.5000,    46.0,194605,   640, , ,R,078746
ARMLP087860,                  "COMODORO RIVADAVIA A", -45.8000,  -67.5000,    46.0,194606,   480, , ,R,078746
ARMLP087860,                  "COMODORO RIVADAVIA A", -45.8000,  -67.5000,    46.0,194607,   870, , ,R,078746
ARMLP087860,                  "COMODORO RIVADAVIA A", -45.8000,  -67.5000,    46.0,194608,    90, , ,R,078746
ARMLP087860,                  "COMODORO RIVADAVIA A", -45.8000,  -67.5000,    46.0,194609,   160, , ,R,078746
ARMLP087860,                  "COMODORO RIVADAVIA A", -45.8000,  -67.5000,    46.0,194610,    60, , ,R,078746
ARMLP087860,                  "COMODORO RIVADAVIA A", -45.8000,  -67.5000,    46.0,194611,   230, , ,R,078746
ARMLP087860,                  "COMODORO RIVADAVIA A", -45.8000,  -67.5000,    46.0,194612,   110, , ,R,078746
ARMLP087860,                  "COMODORO RIVADAVIA A", -45.8000,  -67.5000,    46.0,194701,   210, , ,R,078746
ARMLP087860,                  "COMODORO RIVADAVIA A", -45.8000,  -67.5000,    46.0,194702,     0, , ,R,078746
ARMLP087860,                  "COMODORO RIVADAVIA A", -45.8000,  -67.5000,    46.0,194703,   240, , ,R,078746
ARMLP087860,                  "COMODORO RIVADAVIA A", -45.8000,  -67.5000,    46.0,194704,    50, , ,R,078746
ARMLP087860,                  "COMODORO RIVADAVIA A", -45.8000,  -67.5000,    46.0,194705,   840, , ,R,078746
ARMLP087860,                  "COMODORO RIVADAVIA A", -45.8000,  -67.5000,    46.0,194706,   260, , ,R,078746
ARMLP087860,                  "COMODORO RIVADAVIA A", -45.8000,  -67.5000,    46.0,194707,    60, , ,R,078746
ARMLP087860,                  "COMODORO RIVADAVIA A", -45.8000,  -67.5000,    46.0,194708,     0, , ,R,078746
ARMLP087860,                  "COMODORO RIVADAVIA A", -45.8000,  -67.5000,    46.0,194709,     0, , ,R,078746
ARMLP087860,                  "COMODORO RIVADAVIA A", -45.8000,  -67.5000,    46.0,194710,    10, , ,R,078746
ARMLP087860,                  "COMODORO RIVADAVIA A", -45.8000,  -67.5000,    46.0,194711,    60, , ,R,078746
ARMLP087860,                  "COMODORO RIVADAVIA A", -45.8000,  -67.5000,    46.0,194712,    30, , ,R,078746
ARMLP087860,                  "COMODORO RIVADAVIA A", -45.8000,  -67.5000,    46.0,194801,   280, , ,R,078746
ARMLP087860,                  "COMODORO RIVADAVIA A", -45.8000,  -67.5000,    46.0,194802,    20, , ,R,078746
ARMLP087860,                  "COMODORO RIVADAVIA A", -45.8000,  -67.5000,    46.0,194803,   350, , ,R,078746
ARMLP087860,                  "COMODORO RIVADAVIA A", -45.8000,  -67.5000,    46.0,194804,    80, , ,R,078746
ARMLP087860,                  "COMODORO RIVADAVIA A", -45.8000,  -67.5000,    46.0,194805,   200, , ,R,078746
ARMLP087860,                  "COMODORO RIVADAVIA A", -45.8000,  -67.5000,    46.0,194806,    10, , ,R,078746
ARMLP087860,                  "COMODORO RIVADAVIA A", -45.8000,  -67.5000,    46.0,194807,   850, , ,R,078746
ARMLP087860,                  "COMODORO RIVADAVIA A", -45.8000,  -67.5000,    46.0,194808,    40, , ,R,078746
ARMLP087860,                  "COMODORO RIVADAVIA A", -45.8000,  -67.5000,    46.0,194809,   550, , ,R,078746
ARMLP087860,                  "COMODORO RIVADAVIA A", -45.8000,  -67.5000,    46.0,194810,    60, , ,R,078746
ARMLP087860,                  "COMODORO RIVADAVIA A", -45.8000,  -67.5000,    46.0,194811,   110, , ,R,078746
ARMLP087860,                  "COMODORO RIVADAVIA A", -45.8000,  -67.5000,    46.0,194812,   140, , ,R,078746
ARMLP087860,                  "COMODORO RIVADAVIA A", -45.8000,  -67.5000,    46.0,194901,   240, , ,R,078746
ARMLP087860,                  "COMODORO RIVADAVIA A", -45.8000,  -67.5000,    46.0,194902,   290, , ,R,078746
ARMLP087860,                  "COMODORO RIVADAVIA A", -45.8000,  -67.5000,    46.0,194903,    50, , ,R,078746
ARMLP087860,                  "COMODORO RIVADAVIA A", -45.8000,  -67.5000,    46.0,194904,   140, , ,R,078746
ARMLP087860,                  "COMODORO RIVADAVIA A", -45.8000,  -67.5000,    46.0,194905,   490, , ,R,078746
ARMLP087860,                  "COMODORO RIVADAVIA A", -45.8000,  -67.5000,    46.0,194906,    80, , ,R,078746
ARMLP087860,                  "COMODORO RIVADAVIA A", -45.8000,  -67.5000,    46.0,194907,    90, , ,R,078746
ARMLP087860,                  "COMODORO RIVADAVIA A", -45.8000,  -67.5000,    46.0,194908,     0, , ,R,078746
ARMLP087860,                  "COMODORO RIVADAVIA A", -45.8000,  -67.5000,    46.0,194909,   270, , ,R,078746
ARMLP087860,                  "COMODORO RIVADAVIA A", -45.8000,  -67.5000,    46.0,194910,   230, , ,R,078746
ARMLP087860,                  "COMODORO RIVADAVIA A", -45.8000,  -67.5000,    46.0,194911,    50, , ,R,078746
ARMLP087860,                  "COMODORO RIVADAVIA A", -45.8000,  -67.5000,    46.0,194912,   230, , ,R,078746
ARMLP087860,                  "COMODORO RIVADAVIA A", -45.8000,  -67.5000,    46.0,195001,   230, , ,R,078746
ARMLP087860,                  "COMODORO RIVADAVIA A", -45.8000,  -67.5000,    46.0,195002,    10, , ,R,078746
ARMLP087860,                  "COMODORO RIVADAVIA A", -45.8000,  -67.5000,    46.0,195003,   140, , ,R,078746
ARMLP087860,                  "COMODORO RIVADAVIA A", -45.8000,  -67.5000,    46.0,195004,    70, , ,R,078746
ARMLP087860,                  "COMODORO RIVADAVIA A", -45.8000,  -67.5000,    46.0,195005,   980, , ,R,078746
ARMLP087860,                  "COMODORO RIVADAVIA A", -45.8000,  -67.5000,    46.0,195006,     0, , ,R,078746
ARMLP087860,                  "COMODORO RIVADAVIA A", -45.8000,  -67.5000,    46.0,195007,    10, , ,R,078746
ARMLP087860,                  "COMODORO RIVADAVIA A", -45.8000,  -67.5000,    46.0,195008,   530, , ,R,078746
ARMLP087860,                  "COMODORO RIVADAVIA A", -45.8000,  -67.5000,    46.0,195009,   280, , ,R,078746
ARMLP087860,                  "COMODORO RIVADAVIA A", -45.8000,  -67.5000,    46.0,195010,   110, , ,R,078746
ARMLP087860,                  "COMODORO RIVADAVIA A", -45.8000,  -67.5000,    46.0,195011,   780, , ,R,078746
ARMLP087860,                  "COMODORO RIVADAVIA A", -45.8000,  -67.5000,    46.0,195012,   410, , ,R,078746
ARMLP087860,                  "COMODORO RIVADAVIA A", -45.8000,  -67.5000,    46.0,195101,   100, , ,R,078746
ARMLP087860,                  "COMODORO RIVADAVIA A", -45.8000,  -67.5000,    46.0,195102,   250, , ,R,078746
ARMLP087860,                  "COMODORO RIVADAVIA A", -45.8000,  -67.5000,    46.0,195103,   360, , ,R,078746
ARMLP087860,                  "COMODORO RIVADAVIA A", -45.8000,  -67.5000,    46.0,195104,    20, , ,R,078746
ARMLP087860,                  "COMODORO RIVADAVIA A", -45.8000,  -67.5000,    46.0,195105,   530, , ,R,078746
ARMLP087860,                  "COMODORO RIVADAVIA A", -45.8000,  -67.5000,    46.0,195106,   250, , ,R,078746
ARMLP087860,                  "COMODORO RIVADAVIA A", -45.8000,  -67.5000,    46.0,195107,   210, , ,R,078746
ARMLP087860,                  "COMODORO RIVADAVIA A", -45.8000,  -67.5000,    46.0,195108,    30, , ,R,078746
ARMLP087860,                  "COMODORO RIVADAVIA A", -45.8000,  -67.5000,    46.0,195109,   490, , ,R,078746
ARMLP087860,                  "COMODORO RIVADAVIA A", -45.8000,  -67.5000,    46.0,195110,   140, , ,R,078746
ARMLP087860,                  "COMODORO RIVADAVIA A", -45.8000,  -67.5000,    46.0,195111,   150, , ,R,078746
ARMLP087860,                  "COMODORO RIVADAVIA A", -45.8000,  -67.5000,    46.0,195112,   620, , ,R,078746
ARMLP087860,                  "COMODORO RIVADAVIA A", -45.8000,  -67.5000,    46.0,195201,   140, , ,R,078746
ARMLP087860,                  "COMODORO RIVADAVIA A", -45.8000,  -67.5000,    46.0,195202,   100, , ,R,078746
ARMLP087860,                  "COMODORO RIVADAVIA A", -45.8000,  -67.5000,    46.0,195203,    10, , ,R,078746
ARMLP087860,                  "COMODORO RIVADAVIA A", -45.8000,  -67.5000,    46.0,195204,    60, , ,R,078746
ARMLP087860,                  "COMODORO RIVADAVIA A", -45.8000,  -67.5000,    46.0,195205,   150, , ,R,078746
ARMLP087860,                  "COMODORO RIVADAVIA A", -45.8000,  -67.5000,    46.0,195206,   580, , ,R,078746
ARMLP087860,                  "COMODORO RIVADAVIA A", -45.8000,  -67.5000,    46.0,195207,   170, , ,R,078746
ARMLP087860,                  "COMODORO RIVADAVIA A", -45.8000,  -67.5000,    46.0,195208,    50, , ,R,078746
ARMLP087860,                  "COMODORO RIVADAVIA A", -45.8000,  -67.5000,    46.0,195209,   110, , ,R,078746
ARMLP087860,                  "COMODORO RIVADAVIA A", -45.8000,  -67.5000,    46.0,195210,    40, , ,R,078746
ARMLP087860,                  "COMODORO RIVADAVIA A", -45.8000,  -67.5000,    46.0,195211,    20, , ,R,078746
ARMLP087860,                  "COMODORO RIVADAVIA A", -45.8000,  -67.5000,    46.0,195212,    10, , ,R,078746
ARMLP087860,                  "COMODORO RIVADAVIA A", -45.8000,  -67.5000,    46.0,195301,   130, , ,R,078746
ARMLP087860,                  "COMODORO RIVADAVIA A", -45.8000,  -67.5000,    46.0,195302,    40, , ,R,078746
ARMLP087860,                  "COMODORO RIVADAVIA A", -45.8000,  -67.5000,    46.0,195303,   280, , ,R,078746
ARMLP087860,                  "COMODORO RIVADAVIA A", -45.8000,  -67.5000,    46.0,195304,   250, , ,R,078746
ARMLP087860,                  "COMODORO RIVADAVIA A", -45.8000,  -67.5000,    46.0,195305,    60, , ,R,078746
ARMLP087860,                  "COMODORO RIVADAVIA A", -45.8000,  -67.5000,    46.0,195306,   120, , ,R,078746
ARMLP087860,                  "COMODORO RIVADAVIA A", -45.8000,  -67.5000,    46.0,195307,    40, , ,R,078746
ARMLP087860,                  "COMODORO RIVADAVIA A", -45.8000,  -67.5000,    46.0,195308,   210, , ,R,078746
ARMLP087860,                  "COMODORO RIVADAVIA A", -45.8000,  -67.5000,    46.0,195309,   170, , ,R,078746
ARMLP087860,                  "COMODORO RIVADAVIA A", -45.8000,  -67.5000,    46.0,195310,     0, , ,R,078746
ARMLP087860,                  "COMODORO RIVADAVIA A", -45.8000,  -67.5000,    46.0,195311,    20, , ,R,078746
ARMLP087860,                  "COMODORO RIVADAVIA A", -45.8000,  -67.5000,    46.0,195312,    30, , ,R,078746
ARMLP087860,                  "COMODORO RIVADAVIA A", -45.8000,  -67.5000,    46.0,195401,   100, , ,R,078746
ARMLP087860,                  "COMODORO RIVADAVIA A", -45.8000,  -67.5000,    46.0,195402,    10, , ,R,078746
ARMLP087860,                  "COMODORO RIVADAVIA A", -45.8000,  -67.5000,    46.0,195403,   170, , ,R,078746
ARMLP087860,                  "COMODORO RIVADAVIA A", -45.8000,  -67.5000,    46.0,195404,   280, , ,R,078746
ARMLP087860,                  "COMODORO RIVADAVIA A", -45.8000,  -67.5000,    46.0,195405,   630, , ,R,078746
ARMLP087860,                  "COMODORO RIVADAVIA A", -45.8000,  -67.5000,    46.0,195406,   210, , ,R,078746
ARMLP087860,                  "COMODORO RIVADAVIA A", -45.8000,  -67.5000,    46.0,195407,    20, , ,R,078746
ARMLP087860,                  "COMODORO RIVADAVIA A", -45.8000,  -67.5000,    46.0,195408,    50, , ,R,078746
ARMLP087860,                  "COMODORO RIVADAVIA A", -45.8000,  -67.5000,    46.0,195409,   140, , ,R,078746
ARMLP087860,                  "COMODORO RIVADAVIA A", -45.8000,  -67.5000,    46.0,195410,   160, , ,R,078746
ARMLP087860,                  "COMODORO RIVADAVIA A", -45.8000,  -67.5000,    46.0,195411,     0, , ,R,078746
ARMLP087860,                  "COMODORO RIVADAVIA A", -45.8000,  -67.5000,    46.0,195412,    50, , ,R,078746
ARMLP087860,                  "COMODORO RIVADAVIA A", -45.8000,  -67.5000,    46.0,195501,   330, , ,R,078746
ARMLP087860,                  "COMODORO RIVADAVIA A", -45.8000,  -67.5000,    46.0,195502,    60, , ,R,078746
ARMLP087860,                  "COMODORO RIVADAVIA A", -45.8000,  -67.5000,    46.0,195503,    10, , ,R,078746
ARMLP087860,                  "COMODORO RIVADAVIA A", -45.8000,  -67.5000,    46.0,195504,    20, , ,R,078746
ARMLP087860,                  "COMODORO RIVADAVIA A", -45.8000,  -67.5000,    46.0,195505,    10, , ,R,078746
ARMLP087860,                  "COMODORO RIVADAVIA A", -45.8000,  -67.5000,    46.0,195506,   250, , ,R,078746
ARMLP087860,                  "COMODORO RIVADAVIA A", -45.8000,  -67.5000,    46.0,195507,   300, , ,R,078746
ARMLP087860,                  "COMODORO RIVADAVIA A", -45.8000,  -67.5000,    46.0,195508,   160, , ,R,078746
ARMLP087860,                  "COMODORO RIVADAVIA A", -45.8000,  -67.5000,    46.0,195509,   160, , ,R,078746
ARMLP087860,                  "COMODORO RIVADAVIA A", -45.8000,  -67.5000,    46.0,195510,    10, , ,R,078746
ARMLP087860,                  "COMODORO RIVADAVIA A", -45.8000,  -67.5000,    46.0,195511,     0, , ,R,078746
ARMLP087860,                  "COMODORO RIVADAVIA A", -45.8000,  -67.5000,    46.0,195512,    80, , ,R,078746
ARMLP087860,                  "COMODORO RIVADAVIA A", -45.8000,  -67.5000,    46.0,195601,   100, , ,R,078746
ARMLP087860,                  "COMODORO RIVADAVIA A", -45.8000,  -67.5000,    46.0,195602,    30, , ,R,078746
ARMLP087860,                  "COMODORO RIVADAVIA A", -45.8000,  -67.5000,    46.0,195603,   110, , ,R,078746
ARMLP087860,                  "COMODORO RIVADAVIA A", -45.8000,  -67.5000,    46.0,195604,   160, , ,R,078746
ARMLP087860,                  "COMODORO RIVADAVIA A", -45.8000,  -67.5000,    46.0,195605,   220, , ,R,078746
ARMLP087860,                  "COMODORO RIVADAVIA A", -45.8000,  -67.5000,    46.0,195606,   100, , ,R,078746
ARMLP087860,                  "COMODORO RIVADAVIA A", -45.8000,  -67.5000,    46.0,195607,    70, , ,R,078746
ARMLP087860,                  "COMODORO RIVADAVIA A", -45.8000,  -67.5000,    46.0,195608,    80, , ,R,078746
ARMLP087860,                  "COMODORO RIVADAVIA A", -45.8000,  -67.5000,    46.0,195609,     0, , ,R,078746
ARMLP087860,                  "COMODORO RIVADAVIA A", -45.8000,  -67.5000,    46.0,195610,     0, , ,R,078746
ARMLP087860,                  "COMODORO RIVADAVIA A", -45.8000,  -67.5000,    46.0,195611,    60, , ,R,078746
ARMLP087860,                  "COMODORO RIVADAVIA A", -45.8000,  -67.5000,    46.0,195612,   160, , ,R,078746
ARMLP087860,                  "COMODORO RIVADAVIA A", -45.8000,  -67.5000,    46.0,195701,    60, , ,R,078746
ARMLP087860,                  "COMODORO RIVADAVIA A", -45.8000,  -67.5000,    46.0,195702,     0, , ,R,078746
ARMLP087860,                  "COMODORO RIVADAVIA A", -45.8000,  -67.5000,    46.0,195703,    10, , ,R,078746
ARMLP087860,                  "COMODORO RIVADAVIA A", -45.8000,  -67.5000,    46.0,195704,   770, , ,R,078746
ARMLP087860,                  "COMODORO RIVADAVIA A", -45.8000,  -67.5000,    46.0,195705,   370, , ,R,078746
ARMLP087860,                  "COMODORO RIVADAVIA A", -45.8000,  -67.5000,    46.0,195706,    60, , ,R,078746
ARMLP087860,                  "COMODORO RIVADAVIA A", -45.8000,  -67.5000,    46.0,195707,   500, , ,R,078746
ARMLP087860,                  "COMODORO RIVADAVIA A", -45.8000,  -67.5000,    46.0,195708,   160, , ,R,078746
ARMLP087860,                  "COMODORO RIVADAVIA A", -45.8000,  -67.5000,    46.0,195709,    20, , ,R,078746
ARMLP087860,                  "COMODORO RIVADAVIA A", -45.8000,  -67.5000,    46.0,195710,     0, , ,R,078746
ARMLP087860,                  "COMODORO RIVADAVIA A", -45.8000,  -67.5000,    46.0,195711,    70, , ,R,078746
ARMLP087860,                  "COMODORO RIVADAVIA A", -45.8000,  -67.5000,    46.0,195712,    50, , ,R,078746
ARMLP087860,                  "COMODORO RIVADAVIA A", -45.8000,  -67.5000,    46.0,195801,   110, , ,R,078746
ARMLP087860,                  "COMODORO RIVADAVIA A", -45.8000,  -67.5000,    46.0,195802,   160, , ,R,078746
ARMLP087860,                  "COMODORO RIVADAVIA A", -45.8000,  -67.5000,    46.0,195803,    80, , ,R,078746
ARMLP087860,                  "COMODORO RIVADAVIA A", -45.8000,  -67.5000,    46.0,195804,   240, , ,R,078746
ARMLP087860,                  "COMODORO RIVADAVIA A", -45.8000,  -67.5000,    46.0,195805,  1310, , ,R,078746
ARMLP087860,                  "COMODORO RIVADAVIA A", -45.8000,  -67.5000,    46.0,195806,    80, , ,R,078746
ARMLP087860,                  "COMODORO RIVADAVIA A", -45.8000,  -67.5000,    46.0,195807,    60, , ,R,078746
ARMLP087860,                  "COMODORO RIVADAVIA A", -45.8000,  -67.5000,    46.0,195808,    30, , ,R,078746
ARMLP087860,                  "COMODORO RIVADAVIA A", -45.8000,  -67.5000,    46.0,195809,    50, , ,R,078746
ARMLP087860,                  "COMODORO RIVADAVIA A", -45.8000,  -67.5000,    46.0,195810,     0, , ,R,078746
ARMLP087860,                  "COMODORO RIVADAVIA A", -45.8000,  -67.5000,    46.0,195811,   540, , ,R,078746
ARMLP087860,                  "COMODORO RIVADAVIA A", -45.8000,  -67.5000,    46.0,195812,    50, , ,R,078746
ARMLP087860,                  "COMODORO RIVADAVIA A", -45.8000,  -67.5000,    46.0,195901,   330, , ,R,078746
ARMLP087860,                  "COMODORO RIVADAVIA A", -45.8000,  -67.5000,    46.0,195902,    10, , ,R,078746
ARMLP087860,                  "COMODORO RIVADAVIA A", -45.8000,  -67.5000,    46.0,195903,   620, , ,R,078746
ARMLP087860,                  "COMODORO RIVADAVIA A", -45.8000,  -67.5000,    46.0,195904,   310, , ,R,078746
ARMLP087860,                  "COMODORO RIVADAVIA A", -45.8000,  -67.5000,    46.0,195905,    80, , ,R,078746
ARMLP087860,                  "COMODORO RIVADAVIA A", -45.8000,  -67.5000,    46.0,195906,    40, , ,R,078746
ARMLP087860,                  "COMODORO RIVADAVIA A", -45.8000,  -67.5000,    46.0,195907,   130, , ,R,078746
ARMLP087860,                  "COMODORO RIVADAVIA A", -45.8000,  -67.5000,    46.0,195908,   260, , ,R,078746
ARMLP087860,                  "COMODORO RIVADAVIA A", -45.8000,  -67.5000,    46.0,195909,    70, , ,R,078746
ARMLP087860,                  "COMODORO RIVADAVIA A", -45.8000,  -67.5000,    46.0,195910,   120, , ,R,078746
ARMLP087860,                  "COMODORO RIVADAVIA A", -45.8000,  -67.5000,    46.0,195911,   150, , ,R,078746
ARMLP087860,                  "COMODORO RIVADAVIA A", -45.8000,  -67.5000,    46.0,195912,    60, , ,R,078746
ARMLP087860,                  "COMODORO RIVADAVIA A", -45.8000,  -67.5000,    46.0,196001,   500, , ,R,078746
ARMLP087860,                  "COMODORO RIVADAVIA A", -45.8000,  -67.5000,    46.0,196002,     0, , ,R,078746
ARMLP087860,                  "COMODORO RIVADAVIA A", -45.8000,  -67.5000,    46.0,196003,   410, , ,R,078746
ARMLP087860,                  "COMODORO RIVADAVIA A", -45.8000,  -67.5000,    46.0,196004,   100, , ,R,078746
ARMLP087860,                  "COMODORO RIVADAVIA A", -45.8000,  -67.5000,    46.0,196005,   140, , ,R,078746
ARMLP087860,                  "COMODORO RIVADAVIA A", -45.8000,  -67.5000,    46.0,196006,   160, , ,R,078746
ARMLP087860,                  "COMODORO RIVADAVIA A", -45.8000,  -67.5000,    46.0,196007,    40, , ,R,078746
ARMLP087860,                  "COMODORO RIVADAVIA A", -45.8000,  -67.5000,    46.0,196008,    40, , ,R,078746
ARMLP087860,                  "COMODORO RIVADAVIA A", -45.8000,  -67.5000,    46.0,196009,    40, , ,R,078746
ARMLP087860,                  "COMODORO RIVADAVIA A", -45.8000,  -67.5000,    46.0,196010,   140, , ,R,078746
ARMLP087860,                  "COMODORO RIVADAVIA A", -45.8000,  -67.5000,    46.0,196011,     0, , ,R,078746
ARMLP087860,                  "COMODORO RIVADAVIA A", -45.8000,  -67.5000,    46.0,196012,    50, , ,R,078746
ARMLP087860,               "COMODORO RIVADAVIA AERO", -45.7833,  -67.5000,    46.0,196101,    14, , ,W,122699
ARMLP087860,               "COMODORO RIVADAVIA AERO", -45.7833,  -67.5000,    46.0,196102,   292, , ,W,122699
ARMLP087860,               "COMODORO RIVADAVIA AERO", -45.7833,  -67.5000,    46.0,196103,    39, , ,W,122699
ARMLP087860,               "COMODORO RIVADAVIA AERO", -45.7833,  -67.5000,    46.0,196104,    90, , ,W,122699
ARMLP087860,               "COMODORO RIVADAVIA AERO", -45.7833,  -67.5000,    46.0,196105,     2, , ,W,122699
ARMLP087860,               "COMODORO RIVADAVIA AERO", -45.7833,  -67.5000,    46.0,196106,   102, , ,W,122699
ARMLP087860,               "COMODORO RIVADAVIA AERO", -45.7833,  -67.5000,    46.0,196107,   459, , ,W,122699
ARMLP087860,               "COMODORO RIVADAVIA AERO", -45.7833,  -67.5000,    46.0,196108,   214, , ,W,122699
ARMLP087860,               "COMODORO RIVADAVIA AERO", -45.7833,  -67.5000,    46.0,196109,   100, , ,W,122699
ARMLP087860,               "COMODORO RIVADAVIA AERO", -45.7833,  -67.5000,    46.0,196110,    41, , ,W,122699
ARMLP087860,               "COMODORO RIVADAVIA AERO", -45.7833,  -67.5000,    46.0,196111,     0, , ,W,122699
ARMLP087860,               "COMODORO RIVADAVIA AERO", -45.7833,  -67.5000,    46.0,196112,    25, , ,W,122699
ARMLP087860,               "COMODORO RIVADAVIA AERO", -45.7833,  -67.5000,    46.0,196201,    75, , ,W,122699
ARMLP087860,               "COMODORO RIVADAVIA AERO", -45.7833,  -67.5000,    46.0,196202,    17, , ,W,122699
ARMLP087860,               "COMODORO RIVADAVIA AERO", -45.7833,  -67.5000,    46.0,196203,   164, , ,W,122699
ARMLP087860,               "COMODORO RIVADAVIA AERO", -45.7833,  -67.5000,    46.0,196204,     0, , ,W,122699
ARMLP087860,               "COMODORO RIVADAVIA AERO", -45.7833,  -67.5000,    46.0,196205,   241, , ,W,122699
ARMLP087860,               "COMODORO RIVADAVIA AERO", -45.7833,  -67.5000,    46.0,196206,   143, , ,W,122699
ARMLP087860,               "COMODORO RIVADAVIA AERO", -45.7833,  -67.5000,    46.0,196207,     0, , ,W,122699
ARMLP087860,               "COMODORO RIVADAVIA AERO", -45.7833,  -67.5000,    46.0,196208,    72, , ,W,122699
ARMLP087860,               "COMODORO RIVADAVIA AERO", -45.7833,  -67.5000,    46.0,196209,    16, , ,W,122699
ARMLP087860,               "COMODORO RIVADAVIA AERO", -45.7833,  -67.5000,    46.0,196210,     8, , ,W,122699
ARMLP087860,               "COMODORO RIVADAVIA AERO", -45.7833,  -67.5000,    46.0,196211,   447, , ,W,122699
ARMLP087860,               "COMODORO RIVADAVIA AERO", -45.7833,  -67.5000,    46.0,196212,    86, , ,W,122699
ARMLP087860,               "COMODORO RIVADAVIA AERO", -45.7833,  -67.5000,    46.0,196301,    31, , ,W,122699
ARMLP087860,               "COMODORO RIVADAVIA AERO", -45.7833,  -67.5000,    46.0,196302,    15, , ,W,122699
ARMLP087860,               "COMODORO RIVADAVIA AERO", -45.7833,  -67.5000,    46.0,196303,    60, , ,W,122699
ARMLP087860,               "COMODORO RIVADAVIA AERO", -45.7833,  -67.5000,    46.0,196304,   260, , ,W,122699
ARMLP087860,               "COMODORO RIVADAVIA AERO", -45.7833,  -67.5000,    46.0,196305,   440, , ,W,122699
ARMLP087860,               "COMODORO RIVADAVIA AERO", -45.7833,  -67.5000,    46.0,196306,   133, , ,W,122699
ARMLP087860,               "COMODORO RIVADAVIA AERO", -45.7833,  -67.5000,    46.0,196307,   278, , ,W,122699
ARMLP087860,               "COMODORO RIVADAVIA AERO", -45.7833,  -67.5000,    46.0,196308,   840, , ,W,122699
ARMLP087860,               "COMODORO RIVADAVIA AERO", -45.7833,  -67.5000,    46.0,196309,   256, , ,W,122699
ARMLP087860,               "COMODORO RIVADAVIA AERO", -45.7833,  -67.5000,    46.0,196310,   190, , ,W,122699
ARMLP087860,               "COMODORO RIVADAVIA AERO", -45.7833,  -67.5000,    46.0,196311,   184, , ,W,122699
ARMLP087860,               "COMODORO RIVADAVIA AERO", -45.7833,  -67.5000,    46.0,196312,   188, , ,W,122699
ARMLP087860,               "COMODORO RIVADAVIA AERO", -45.7833,  -67.5000,    46.0,196401,    10, , ,W,122699
ARMLP087860,               "COMODORO RIVADAVIA AERO", -45.7833,  -67.5000,    46.0,196402,   215, , ,W,122699
ARMLP087860,               "COMODORO RIVADAVIA AERO", -45.7833,  -67.5000,    46.0,196403,   140, , ,W,122699
ARMLP087860,               "COMODORO RIVADAVIA AERO", -45.7833,  -67.5000,    46.0,196404,   130, , ,W,122699
ARMLP087860,               "COMODORO RIVADAVIA AERO", -45.7833,  -67.5000,    46.0,196405,    51, , ,W,122699
ARMLP087860,               "COMODORO RIVADAVIA AERO", -45.7833,  -67.5000,    46.0,196406,    39, , ,W,122699
ARMLP087860,               "COMODORO RIVADAVIA AERO", -45.7833,  -67.5000,    46.0,196407,     8, , ,W,122699
ARMLP087860,               "COMODORO RIVADAVIA AERO", -45.7833,  -67.5000,    46.0,196408,    34, , ,W,122699
ARMLP087860,               "COMODORO RIVADAVIA AERO", -45.7833,  -67.5000,    46.0,196409,   150, , ,W,122699
ARMLP087860,               "COMODORO RIVADAVIA AERO", -45.7833,  -67.5000,    46.0,196410,    72, , ,W,122699
ARMLP087860,               "COMODORO RIVADAVIA AERO", -45.7833,  -67.5000,    46.0,196411,   261, , ,W,122699
ARMLP087860,               "COMODORO RIVADAVIA AERO", -45.7833,  -67.5000,    46.0,196412,   266, , ,W,122699
ARMLP087860,               "COMODORO RIVADAVIA AERO", -45.7833,  -67.5000,    46.0,196501,    64, , ,W,122699
ARMLP087860,               "COMODORO RIVADAVIA AERO", -45.7833,  -67.5000,    46.0,196502,    28, , ,W,122699
ARMLP087860,               "COMODORO RIVADAVIA AERO", -45.7833,  -67.5000,    46.0,196503,    12, , ,W,122699
ARMLP087860,               "COMODORO RIVADAVIA AERO", -45.7833,  -67.5000,    46.0,196504,   432, , ,W,122699
ARMLP087860,               "COMODORO RIVADAVIA AERO", -45.7833,  -67.5000,    46.0,196505,   248, , ,W,122699
ARMLP087860,               "COMODORO RIVADAVIA AERO", -45.7833,  -67.5000,    46.0,196506,   241, , ,W,122699
ARMLP087860,               "COMODORO RIVADAVIA AERO", -45.7833,  -67.5000,    46.0,196507,   550, , ,W,122699
ARMLP087860,               "COMODORO RIVADAVIA AERO", -45.7833,  -67.5000,    46.0,196508,   171, , ,W,122699
ARMLP087860,               "COMODORO RIVADAVIA AERO", -45.7833,  -67.5000,    46.0,196509,     6, , ,W,122699
ARMLP087860,               "COMODORO RIVADAVIA AERO", -45.7833,  -67.5000,    46.0,196510,    40, , ,W,122699
ARMLP087860,               "COMODORO RIVADAVIA AERO", -45.7833,  -67.5000,    46.0,196511,    12, , ,W,122699
ARMLP087860,               "COMODORO RIVADAVIA AERO", -45.7833,  -67.5000,    46.0,196512,   471, , ,W,122699
ARMLP087860,               "COMODORO RIVADAVIA AERO", -45.7833,  -67.5000,    46.0,196601,    27, , ,W,122699
ARMLP087860,               "COMODORO RIVADAVIA AERO", -45.7833,  -67.5000,    46.0,196602,   140, , ,W,122699
ARMLP087860,               "COMODORO RIVADAVIA AERO", -45.7833,  -67.5000,    46.0,196603,   126, , ,W,122699
ARMLP087860,               "COMODORO RIVADAVIA AERO", -45.7833,  -67.5000,    46.0,196604,   189, , ,W,122699
ARMLP087860,               "COMODORO RIVADAVIA AERO", -45.7833,  -67.5000,    46.0,196605,   520, , ,W,122699
ARMLP087860,               "COMODORO RIVADAVIA AERO", -45.7833,  -67.5000,    46.0,196606,   462, , ,W,122699
ARMLP087860,               "COMODORO RIVADAVIA AERO", -45.7833,  -67.5000,    46.0,196607,    39, , ,W,122699
ARMLP087860,               "COMODORO RIVADAVIA AERO", -45.7833,  -67.5000,    46.0,196608,   117, , ,W,122699
ARMLP087860,               "COMODORO RIVADAVIA AERO", -45.7833,  -67.5000,    46.0,196609,    13, , ,W,122699
ARMLP087860,               "COMODORO RIVADAVIA AERO", -45.7833,  -67.5000,    46.0,196610,     9, , ,W,122699
ARMLP087860,               "COMODORO RIVADAVIA AERO", -45.7833,  -67.5000,    46.0,196611,     9, , ,W,122699
ARMLP087860,               "COMODORO RIVADAVIA AERO", -45.7833,  -67.5000,    46.0,196612,    42, , ,W,122699
ARMLP087860,               "COMODORO RIVADAVIA AERO", -45.7833,  -67.5000,    46.0,196701,   369, , ,W,122699
ARMLP087860,               "COMODORO RIVADAVIA AERO", -45.7833,  -67.5000,    46.0,196702,    35, , ,W,122699
ARMLP087860,               "COMODORO RIVADAVIA AERO", -45.7833,  -67.5000,    46.0,196703,    50, , ,W,122699
ARMLP087860,               "COMODORO RIVADAVIA AERO", -45.7833,  -67.5000,    46.0,196704,   157, , ,W,122699
ARMLP087860,               "COMODORO RIVADAVIA AERO", -45.7833,  -67.5000,    46.0,196705,   240, , ,W,122699
ARMLP087860,               "COMODORO RIVADAVIA AERO", -45.7833,  -67.5000,    46.0,196706,   165, , ,W,122699
ARMLP087860,               "COMODORO RIVADAVIA AERO", -45.7833,  -67.5000,    46.0,196707,   227, , ,W,122699
ARMLP087860,               "COMODORO RIVADAVIA AERO", -45.7833,  -67.5000,    46.0,196708,   793, , ,W,122699
ARMLP087860,               "COMODORO RIVADAVIA AERO", -45.7833,  -67.5000,    46.0,196709,    68, , ,W,122699
ARMLP087860,               "COMODORO RIVADAVIA AERO", -45.7833,  -67.5000,    46.0,196710,   167, , ,W,122699
ARMLP087860,               "COMODORO RIVADAVIA AERO", -45.7833,  -67.5000,    46.0,196711,    13, , ,W,122699
ARMLP087860,               "COMODORO RIVADAVIA AERO", -45.7833,  -67.5000,    46.0,196712,   140, , ,W,122699
ARMLP087860,               "COMODORO RIVADAVIA AERO", -45.7833,  -67.5000,    46.0,196801,    47, , ,W,122699
ARMLP087860,               "COMODORO RIVADAVIA AERO", -45.7833,  -67.5000,    46.0,196802,    88, , ,W,122699
ARMLP087860,               "COMODORO RIVADAVIA AERO", -45.7833,  -67.5000,    46.0,196803,   457, , ,W,122699
ARMLP087860,               "COMODORO RIVADAVIA AERO", -45.7833,  -67.5000,    46.0,196804,    11, , ,W,122699
ARMLP087860,               "COMODORO RIVADAVIA AERO", -45.7833,  -67.5000,    46.0,196805,    17, , ,W,122699
ARMLP087860,               "COMODORO RIVADAVIA AERO", -45.7833,  -67.5000,    46.0,196806,    21, , ,W,122699
ARMLP087860,               "COMODORO RIVADAVIA AERO", -45.7833,  -67.5000,    46.0,196807,   232, , ,W,122699
ARMLP087860,               "COMODORO RIVADAVIA AERO", -45.7833,  -67.5000,    46.0,196808,   100, , ,W,122699
ARMLP087860,               "COMODORO RIVADAVIA AERO", -45.7833,  -67.5000,    46.0,196809,   160, , ,W,122699
ARMLP087860,               "COMODORO RIVADAVIA AERO", -45.7833,  -67.5000,    46.0,196810,    31, , ,W,122699
ARMLP087860,               "COMODORO RIVADAVIA AERO", -45.7833,  -67.5000,    46.0,196811,     8, , ,W,122699
ARMLP087860,               "COMODORO RIVADAVIA AERO", -45.7833,  -67.5000,    46.0,196812,   176, , ,W,122699
ARMLP087860,               "COMODORO RIVADAVIA AERO", -45.7833,  -67.5000,    46.0,196901,    39, , ,W,122699
ARMLP087860,               "COMODORO RIVADAVIA AERO", -45.7833,  -67.5000,    46.0,196902,   208, , ,W,122699
ARMLP087860,               "COMODORO RIVADAVIA AERO", -45.7833,  -67.5000,    46.0,196903,    56, , ,W,122699
ARMLP087860,               "COMODORO RIVADAVIA AERO", -45.7833,  -67.5000,    46.0,196904,   288, , ,W,122699
ARMLP087860,               "COMODORO RIVADAVIA AERO", -45.7833,  -67.5000,    46.0,196905,   407, , ,W,122699
ARMLP087860,               "COMODORO RIVADAVIA AERO", -45.7833,  -67.5000,    46.0,196906,   585, , ,W,122699
ARMLP087860,               "COMODORO RIVADAVIA AERO", -45.7833,  -67.5000,    46.0,196907,   193, , ,W,122699
ARMLP087860,               "COMODORO RIVADAVIA AERO", -45.7833,  -67.5000,    46.0,196908,    68, , ,W,122699
ARMLP087860,               "COMODORO RIVADAVIA AERO", -45.7833,  -67.5000,    46.0,196909,   295, , ,W,122699
ARMLP087860,               "COMODORO RIVADAVIA AERO", -45.7833,  -67.5000,    46.0,196910,   226, , ,W,122699
ARMLP087860,               "COMODORO RIVADAVIA AERO", -45.7833,  -67.5000,    46.0,196911,    71, , ,W,122699
ARMLP087860,               "COMODORO RIVADAVIA AERO", -45.7833,  -67.5000,    46.0,196912,    52, , ,W,122699
ARMLP087860,               "COMODORO RIVADAVIA AERO", -45.7833,  -67.5000,    46.0,197001,   519, , ,W,122699
ARMLP087860,               "COMODORO RIVADAVIA AERO", -45.7833,  -67.5000,    46.0,197002,    24, , ,W,122699
ARMLP087860,               "COMODORO RIVADAVIA AERO", -45.7833,  -67.5000,    46.0,197003,    25, , ,W,122699
ARMLP087860,               "COMODORO RIVADAVIA AERO", -45.7833,  -67.5000,    46.0,197004,    19, , ,W,122699
ARMLP087860,               "COMODORO RIVADAVIA AERO", -45.7833,  -67.5000,    46.0,197005,   341, , ,W,122699
ARMLP087860,               "COMODORO RIVADAVIA AERO", -45.7833,  -67.5000,    46.0,197006,   124, , ,W,122699
ARMLP087860,               "COMODORO RIVADAVIA AERO", -45.7833,  -67.5000,    46.0,197007,   200, , ,W,122699
ARMLP087860,               "COMODORO RIVADAVIA AERO", -45.7833,  -67.5000,    46.0,197008,    33, , ,W,122699
ARMLP087860,               "COMODORO RIVADAVIA AERO", -45.7833,  -67.5000,    46.0,197009,    30, , ,W,122699
ARMLP087860,               "COMODORO RIVADAVIA AERO", -45.7833,  -67.5000,    46.0,197010,     0, , ,W,122699
ARMLP087860,               "COMODORO RIVADAVIA AERO", -45.7833,  -67.5000,    46.0,197011,   200, , ,W,122699
ARMLP087860,               "COMODORO RIVADAVIA AERO", -45.7833,  -67.5000,    46.0,197012,    31, , ,W,122699
ARMLP087860,               "COMODORO RIVADAVIA AERO", -45.7833,  -67.5000,    46.0,197101,   115, , ,W,122699
ARMLP087860,               "COMODORO RIVADAVIA AERO", -45.7833,  -67.5000,    46.0,197102,   163, , ,W,122699
ARMLP087860,               "COMODORO RIVADAVIA AERO", -45.7833,  -67.5000,    46.0,197103,   790, , ,W,122699
ARMLP087860,               "COMODORO RIVADAVIA AERO", -45.7833,  -67.5000,    46.0,197104,    28, , ,W,122699
ARMLP087860,               "COMODORO RIVADAVIA AERO", -45.7833,  -67.5000,    46.0,197105,   279, , ,W,122699
ARMLP087860,               "COMODORO RIVADAVIA AERO", -45.7833,  -67.5000,    46.0,197106,   129, , ,W,122699
ARMLP087860,               "COMODORO RIVADAVIA AERO", -45.7833,  -67.5000,    46.0,197107,   599, , ,W,122699
ARMLP087860,               "COMODORO RIVADAVIA AERO", -45.7833,  -67.5000,    46.0,197108,   207, , ,W,122699
ARMLP087860,               "COMODORO RIVADAVIA AERO", -45.7833,  -67.5000,    46.0,197109,   146, , ,W,122699
ARMLP087860,               "COMODORO RIVADAVIA AERO", -45.7833,  -67.5000,    46.0,197110,   186, , ,W,122699
ARMLP087860,               "COMODORO RIVADAVIA AERO", -45.7833,  -67.5000,    46.0,197111,     0, , ,W,122699
ARMLP087860,               "COMODORO RIVADAVIA AERO", -45.7833,  -67.5000,    46.0,197112,   160, , ,W,122699
ARMLP087860,               "COMODORO RIVADAVIA AERO", -45.7833,  -67.5000,    46.0,197201,   741, , ,W,122699
ARMLP087860,               "COMODORO RIVADAVIA AERO", -45.7833,  -67.5000,    46.0,197202,    39, , ,W,122699
ARMLP087860,               "COMODORO RIVADAVIA AERO", -45.7833,  -67.5000,    46.0,197203,    30, , ,W,122699
ARMLP087860,               "COMODORO RIVADAVIA AERO", -45.7833,  -67.5000,    46.0,197204,     3, , ,W,122699
ARMLP087860,               "COMODORO RIVADAVIA AERO", -45.7833,  -67.5000,    46.0,197205,   498, , ,W,122699
ARMLP087860,               "COMODORO RIVADAVIA AERO", -45.7833,  -67.5000,    46.0,197206,   205, , ,W,122699
ARMLP087860,               "COMODORO RIVADAVIA AERO", -45.7833,  -67.5000,    46.0,197207,   106, , ,W,122699
ARMLP087860,               "COMODORO RIVADAVIA AERO", -45.7833,  -67.5000,    46.0,197208,   592, , ,W,122699
ARMLP087860,               "COMODORO RIVADAVIA AERO", -45.7833,  -67.5000,    46.0,197209,    12, , ,W,122699
ARMLP087860,               "COMODORO RIVADAVIA AERO", -45.7833,  -67.5000,    46.0,197210,   110, , ,W,122699
ARMLP087860,               "COMODORO RIVADAVIA AERO", -45.7833,  -67.5000,    46.0,197211,    98, , ,W,122699
ARMLP087860,               "COMODORO RIVADAVIA AERO", -45.7833,  -67.5000,    46.0,197212,     7, , ,W,122699
ARMLP087860,               "COMODORO RIVADAVIA AERO", -45.7833,  -67.5000,    46.0,197301,   716, , ,W,122699
ARMLP087860,               "COMODORO RIVADAVIA AERO", -45.7833,  -67.5000,    46.0,197302,   109, , ,W,122699
ARMLP087860,               "COMODORO RIVADAVIA AERO", -45.7833,  -67.5000,    46.0,197303,   252, , ,W,122699
ARMLP087860,               "COMODORO RIVADAVIA AERO", -45.7833,  -67.5000,    46.0,197304,   634, , ,W,122699
ARMLP087860,               "COMODORO RIVADAVIA AERO", -45.7833,  -67.5000,    46.0,197305,   245, , ,W,122699
ARMLP087860,               "COMODORO RIVADAVIA AERO", -45.7833,  -67.5000,    46.0,197306,   269, , ,W,122699
ARMLP087860,               "COMODORO RIVADAVIA AERO", -45.7833,  -67.5000,    46.0,197307,   819, , ,W,122699
ARMLP087860,               "COMODORO RIVADAVIA AERO", -45.7833,  -67.5000,    46.0,197308,   503, , ,W,122699
ARMLP087860,               "COMODORO RIVADAVIA AERO", -45.7833,  -67.5000,    46.0,197309,    26, , ,W,122699
ARMLP087860,               "COMODORO RIVADAVIA AERO", -45.7833,  -67.5000,    46.0,197310,    87, , ,W,122699
ARMLP087860,               "COMODORO RIVADAVIA AERO", -45.7833,  -67.5000,    46.0,197311,     0, , ,W,122699
ARMLP087860,               "COMODORO RIVADAVIA AERO", -45.7833,  -67.5000,    46.0,197312,     7, , ,W,122699
ARMLP087860,               "COMODORO RIVADAVIA AERO", -45.7833,  -67.5000,    46.0,197401,    66, , ,W,122699
ARMLP087860,               "COMODORO RIVADAVIA AERO", -45.7833,  -67.5000,    46.0,197402,   896, , ,W,122699
ARMLP087860,               "COMODORO RIVADAVIA AERO", -45.7833,  -67.5000,    46.0,197403,     1, , ,W,122699
ARMLP087860,               "COMODORO RIVADAVIA AERO", -45.7833,  -67.5000,    46.0,197404,    11, , ,W,122699
ARMLP087860,               "COMODORO RIVADAVIA AERO", -45.7833,  -67.5000,    46.0,197405,  1054, , ,W,122699
ARMLP087860,               "COMODORO RIVADAVIA AERO", -45.7833,  -67.5000,    46.0,197406,   142, , ,W,122699
ARMLP087860,               "COMODORO RIVADAVIA AERO", -45.7833,  -67.5000,    46.0,197407,   169, , ,W,122699
ARMLP087860,               "COMODORO RIVADAVIA AERO", -45.7833,  -67.5000,    46.0,197408,    33, , ,W,122699
ARMLP087860,               "COMODORO RIVADAVIA AERO", -45.7833,  -67.5000,    46.0,197409,    48, , ,W,122699
ARMLP087860,               "COMODORO RIVADAVIA AERO", -45.7833,  -67.5000,    46.0,197410,    91, , ,W,122699
ARMLP087860,               "COMODORO RIVADAVIA AERO", -45.7833,  -67.5000,    46.0,197411,    88, , ,W,122699
ARMLP087860,               "COMODORO RIVADAVIA AERO", -45.7833,  -67.5000,    46.0,197412,    26, , ,W,122699
ARMLP087860,               "COMODORO RIVADAVIA AERO", -45.7833,  -67.5000,    46.0,197501,   129, , ,W,122699
ARMLP087860,               "COMODORO RIVADAVIA AERO", -45.7833,  -67.5000,    46.0,197502,     0, , ,W,122699
ARMLP087860,               "COMODORO RIVADAVIA AERO", -45.7833,  -67.5000,    46.0,197503,   385, , ,W,122699
ARMLP087860,               "COMODORO RIVADAVIA AERO", -45.7833,  -67.5000,    46.0,197504,    49, , ,W,122699
ARMLP087860,               "COMODORO RIVADAVIA AERO", -45.7833,  -67.5000,    46.0,197505,   180, , ,W,122699
ARMLP087860,               "COMODORO RIVADAVIA AERO", -45.7833,  -67.5000,    46.0,197506,   655, , ,W,122699
ARMLP087860,               "COMODORO RIVADAVIA AERO", -45.7833,  -67.5000,    46.0,197507,   257, , ,W,122699
ARMLP087860,               "COMODORO RIVADAVIA AERO", -45.7833,  -67.5000,    46.0,197508,   247, , ,W,122699
ARMLP087860,               "COMODORO RIVADAVIA AERO", -45.7833,  -67.5000,    46.0,197509,    38, , ,W,122699
ARMLP087860,               "COMODORO RIVADAVIA AERO", -45.7833,  -67.5000,    46.0,197510,     0, , ,W,122699
ARMLP087860,               "COMODORO RIVADAVIA AERO", -45.7833,  -67.5000,    46.0,197511,   460, , ,W,122699
ARMLP087860,               "COMODORO RIVADAVIA AERO", -45.7833,  -67.5000,    46.0,197512,    74, , ,W,122699
ARMLP087860,               "COMODORO RIVADAVIA AERO", -45.7833,  -67.5000,    46.0,197601,    29, , ,W,122699
ARMLP087860,               "COMODORO RIVADAVIA AERO", -45.7833,  -67.5000,    46.0,197602,   543, , ,W,122699
ARMLP087860,               "COMODORO RIVADAVIA AERO", -45.7833,  -67.5000,    46.0,197603,   955, , ,W,122699
ARMLP087860,               "COMODORO RIVADAVIA AERO", -45.7833,  -67.5000,    46.0,197604,   388, , ,W,122699
ARMLP087860,               "COMODORO RIVADAVIA AERO", -45.7833,  -67.5000,    46.0,197605,   208, , ,W,122699
ARMLP087860,               "COMODORO RIVADAVIA AERO", -45.7833,  -67.5000,    46.0,197606,   532, , ,W,122699
ARMLP087860,               "COMODORO RIVADAVIA AERO", -45.7833,  -67.5000,    46.0,197607,    69, , ,W,122699
ARMLP087860,               "COMODORO RIVADAVIA AERO", -45.7833,  -67.5000,    46.0,197608,   132, , ,W,122699
ARMLP087860,               "COMODORO RIVADAVIA AERO", -45.7833,  -67.5000,    46.0,197609,   144, , ,W,122699
ARMLP087860,               "COMODORO RIVADAVIA AERO", -45.7833,  -67.5000,    46.0,197610,   167, , ,W,122699
ARMLP087860,               "COMODORO RIVADAVIA AERO", -45.7833,  -67.5000,    46.0,197611,   135, , ,W,122699
ARMLP087860,               "COMODORO RIVADAVIA AERO", -45.7833,  -67.5000,    46.0,197612,  1122, , ,W,122699
ARMLP087860,               "COMODORO RIVADAVIA AERO", -45.7833,  -67.5000,    46.0,197701,   468, , ,W,122699
ARMLP087860,               "COMODORO RIVADAVIA AERO", -45.7833,  -67.5000,    46.0,197702,   359, , ,W,122699
ARMLP087860,               "COMODORO RIVADAVIA AERO", -45.7833,  -67.5000,    46.0,197703,   387, , ,W,122699
ARMLP087860,               "COMODORO RIVADAVIA AERO", -45.7833,  -67.5000,    46.0,197704,   182, , ,W,122699
ARMLP087860,               "COMODORO RIVADAVIA AERO", -45.7833,  -67.5000,    46.0,197705,    55, , ,W,122699
ARMLP087860,               "COMODORO RIVADAVIA AERO", -45.7833,  -67.5000,    46.0,197706,   121, , ,W,122699
ARMLP087860,               "COMODORO RIVADAVIA AERO", -45.7833,  -67.5000,    46.0,197707,   580, , ,W,122699
ARMLP087860,               "COMODORO RIVADAVIA AERO", -45.7833,  -67.5000,    46.0,197708,   164, , ,W,122699
ARMLP087860,               "COMODORO RIVADAVIA AERO", -45.7833,  -67.5000,    46.0,197709,   429, , ,W,122699
ARMLP087860,               "COMODORO RIVADAVIA AERO", -45.7833,  -67.5000,    46.0,197710,   275, , ,W,122699
ARMLP087860,               "COMODORO RIVADAVIA AERO", -45.7833,  -67.5000,    46.0,197711,    66, , ,W,122699
ARMLP087860,               "COMODORO RIVADAVIA AERO", -45.7833,  -67.5000,    46.0,197712,    20, , ,W,122699
ARMLP087860,               "COMODORO RIVADAVIA AERO", -45.7833,  -67.5000,    46.0,197801,    11, , ,W,122699
ARMLP087860,               "COMODORO RIVADAVIA AERO", -45.7833,  -67.5000,    46.0,197802,   117, , ,W,122699
ARMLP087860,               "COMODORO RIVADAVIA AERO", -45.7833,  -67.5000,    46.0,197803,    32, , ,W,122699
ARMLP087860,               "COMODORO RIVADAVIA AERO", -45.7833,  -67.5000,    46.0,197804,    40, , ,W,122699
ARMLP087860,               "COMODORO RIVADAVIA AERO", -45.7833,  -67.5000,    46.0,197805,   676, , ,W,122699
ARMLP087860,               "COMODORO RIVADAVIA AERO", -45.7833,  -67.5000,    46.0,197806,   367, , ,W,122699
ARMLP087860,               "COMODORO RIVADAVIA AERO", -45.7833,  -67.5000,    46.0,197807,   562, , ,W,122699
ARMLP087860,               "COMODORO RIVADAVIA AERO", -45.7833,  -67.5000,    46.0,197808,   113, , ,W,122699
ARMLP087860,               "COMODORO RIVADAVIA AERO", -45.7833,  -67.5000,    46.0,197809,    82, , ,W,122699
ARMLP087860,               "COMODORO RIVADAVIA AERO", -45.7833,  -67.5000,    46.0,197810,   255, , ,W,122699
ARMLP087860,               "COMODORO RIVADAVIA AERO", -45.7833,  -67.5000,    46.0,197811,    38, , ,W,122699
ARMLP087860,               "COMODORO RIVADAVIA AERO", -45.7833,  -67.5000,    46.0,197812,     0, , ,W,122699
ARMLP087860,               "COMODORO RIVADAVIA AERO", -45.7833,  -67.5000,    46.0,197901,    43, , ,W,122699
ARMLP087860,               "COMODORO RIVADAVIA AERO", -45.7833,  -67.5000,    46.0,197902,    62, , ,W,122699
ARMLP087860,               "COMODORO RIVADAVIA AERO", -45.7833,  -67.5000,    46.0,197903,    63, , ,W,122699
ARMLP087860,               "COMODORO RIVADAVIA AERO", -45.7833,  -67.5000,    46.0,197904,   236, , ,W,122699
ARMLP087860,               "COMODORO RIVADAVIA AERO", -45.7833,  -67.5000,    46.0,197905,   706, , ,W,122699
ARMLP087860,               "COMODORO RIVADAVIA AERO", -45.7833,  -67.5000,    46.0,197906,   266, , ,W,122699
ARMLP087860,               "COMODORO RIVADAVIA AERO", -45.7833,  -67.5000,    46.0,197907,   539, , ,W,122699
ARMLP087860,               "COMODORO RIVADAVIA AERO", -45.7833,  -67.5000,    46.0,197908,   616, , ,W,122699
ARMLP087860,               "COMODORO RIVADAVIA AERO", -45.7833,  -67.5000,    46.0,197909,    40, , ,W,122699
ARMLP087860,               "COMODORO RIVADAVIA AERO", -45.7833,  -67.5000,    46.0,197910,   285, , ,W,122699
ARMLP087860,               "COMODORO RIVADAVIA AERO", -45.7833,  -67.5000,    46.0,197911,   106, , ,W,122699
ARMLP087860,               "COMODORO RIVADAVIA AERO", -45.7833,  -67.5000,    46.0,197912,   148, , ,W,122699
ARMLP087860,               "COMODORO RIVADAVIA AERO", -45.7833,  -67.5000,    46.0,198001,    91, , ,W,122699
ARMLP087860,               "COMODORO RIVADAVIA AERO", -45.7833,  -67.5000,    46.0,198002,    25, , ,W,122699
ARMLP087860,               "COMODORO RIVADAVIA AERO", -45.7833,  -67.5000,    46.0,198003,    78, , ,W,122699
ARMLP087860,               "COMODORO RIVADAVIA AERO", -45.7833,  -67.5000,    46.0,198004,  1546, , ,W,122699
ARMLP087860,               "COMODORO RIVADAVIA AERO", -45.7833,  -67.5000,    46.0,198005,   304, , ,W,122699
ARMLP087860,               "COMODORO RIVADAVIA AERO", -45.7833,  -67.5000,    46.0,198006,    25, , ,W,122699
ARMLP087860,               "COMODORO RIVADAVIA AERO", -45.7833,  -67.5000,    46.0,198007,   271, , ,W,122699
ARMLP087860,               "COMODORO RIVADAVIA AERO", -45.7833,  -67.5000,    46.0,198008,   177, , ,W,122699
ARMLP087860,               "COMODORO RIVADAVIA AERO", -45.7833,  -67.5000,    46.0,198009,    23, , ,W,122699
ARMLP087860,               "COMODORO RIVADAVIA AERO", -45.7833,  -67.5000,    46.0,198010,   103, , ,W,122699
ARMLP087860,               "COMODORO RIVADAVIA AERO", -45.7833,  -67.5000,    46.0,198011,   151, , ,W,122699
ARMLP087860,               "COMODORO RIVADAVIA AERO", -45.7833,  -67.5000,    46.0,198012,   305, , ,W,122699
ARMLP087860,               "COMODORO RIVADAVIA AERO", -45.7833,  -67.5000,    46.0,198101,   369, , ,W,122699
ARMLP087860,               "COMODORO RIVADAVIA AERO", -45.7833,  -67.5000,    46.0,198102,   142, , ,W,122699
ARMLP087860,               "COMODORO RIVADAVIA AERO", -45.7833,  -67.5000,    46.0,198103,   206, , ,W,122699
ARMLP087860,               "COMODORO RIVADAVIA AERO", -45.7833,  -67.5000,    46.0,198104,   302, , ,W,122699
ARMLP087860,               "COMODORO RIVADAVIA AERO", -45.7833,  -67.5000,    46.0,198105,   436, , ,W,122699
ARMLP087860,               "COMODORO RIVADAVIA AERO", -45.7833,  -67.5000,    46.0,198106,   996, , ,W,122699
ARMLP087860,               "COMODORO RIVADAVIA AERO", -45.7833,  -67.5000,    46.0,198107,    20, , ,W,122699
ARMLP087860,               "COMODORO RIVADAVIA AERO", -45.7833,  -67.5000,    46.0,198108,    81, , ,W,122699
ARMLP087860,               "COMODORO RIVADAVIA AERO", -45.7833,  -67.5000,    46.0,198109,   226, , ,W,122699
ARMLP087860,               "COMODORO RIVADAVIA AERO", -45.7833,  -67.5000,    46.0,198110,   177, , ,W,122699
ARMLP087860,               "COMODORO RIVADAVIA AERO", -45.7833,  -67.5000,    46.0,198111,    37, , ,W,122699
ARMLP087860,               "COMODORO RIVADAVIA AERO", -45.7833,  -67.5000,    46.0,198112,   208, , ,W,122699
ARMLP087860,               "COMODORO RIVADAVIA AERO", -45.7833,  -67.5000,    46.0,198201,    60, , ,W,122699
ARMLP087860,               "COMODORO RIVADAVIA AERO", -45.7833,  -67.5000,    46.0,198202,   138, , ,W,122699
ARMLP087860,               "COMODORO RIVADAVIA AERO", -45.7833,  -67.5000,    46.0,198203,   297, , ,W,122699
ARMLP087860,               "COMODORO RIVADAVIA AERO", -45.7833,  -67.5000,    46.0,198204,   244, , ,W,122699
ARMLP087860,               "COMODORO RIVADAVIA AERO", -45.7833,  -67.5000,    46.0,198205,    14, , ,W,122699
ARMLP087860,               "COMODORO RIVADAVIA AERO", -45.7833,  -67.5000,    46.0,198206,    94, , ,W,122699
ARMLP087860,               "COMODORO RIVADAVIA AERO", -45.7833,  -67.5000,    46.0,198207,   356, , ,W,122699
ARMLP087860,               "COMODORO RIVADAVIA AERO", -45.7833,  -67.5000,    46.0,198208,   440, , ,W,122699
ARMLP087860,               "COMODORO RIVADAVIA AERO", -45.7833,  -67.5000,    46.0,198209,   315, , ,W,122699
ARMLP087860,               "COMODORO RIVADAVIA AERO", -45.7833,  -67.5000,    46.0,198210,   394, , ,W,122699
ARMLP087860,               "COMODORO RIVADAVIA AERO", -45.7833,  -67.5000,    46.0,198211,    39, , ,W,122699
ARMLP087860,               "COMODORO RIVADAVIA AERO", -45.7833,  -67.5000,    46.0,198212,     4, , ,W,122699
ARMLP087860,               "COMODORO RIVADAVIA AERO", -45.7833,  -67.5000,    46.0,198301,     8, , ,W,122699
ARMLP087860,               "COMODORO RIVADAVIA AERO", -45.7833,  -67.5000,    46.0,198302,   144, , ,W,122699
ARMLP087860,               "COMODORO RIVADAVIA AERO", -45.7833,  -67.5000,    46.0,198303,   283, , ,W,122699
ARMLP087860,               "COMODORO RIVADAVIA AERO", -45.7833,  -67.5000,    46.0,198304,   785, , ,W,122699
ARMLP087860,               "COMODORO RIVADAVIA AERO", -45.7833,  -67.5000,    46.0,198305,   242, , ,W,122699
ARMLP087860,               "COMODORO RIVADAVIA AERO", -45.7833,  -67.5000,    46.0,198306,    92, , ,W,122699
ARMLP087860,               "COMODORO RIVADAVIA AERO", -45.7833,  -67.5000,    46.0,198307,    11, , ,W,122699
ARMLP087860,               "COMODORO RIVADAVIA AERO", -45.7833,  -67.5000,    46.0,198308,    72, , ,W,122699
ARMLP087860,               "COMODORO RIVADAVIA AERO", -45.7833,  -67.5000,    46.0,198309,   352, , ,W,122699
ARMLP087860,               "COMODORO RIVADAVIA AERO", -45.7833,  -67.5000,    46.0,198310,    18, , ,W,122699
ARMLP087860,               "COMODORO RIVADAVIA AERO", -45.7833,  -67.5000,    46.0,198311,    99, , ,W,122699
ARMLP087860,               "COMODORO RIVADAVIA AERO", -45.7833,  -67.5000,    46.0,198312,    41, , ,W,122699
ARMLP087860,               "COMODORO RIVADAVIA AERO", -45.7833,  -67.5000,    46.0,198401,    29, , ,W,122699
ARMLP087860,               "COMODORO RIVADAVIA AERO", -45.7833,  -67.5000,    46.0,198402,   102, , ,W,122699
ARMLP087860,               "COMODORO RIVADAVIA AERO", -45.7833,  -67.5000,    46.0,198403,    75, , ,W,122699
ARMLP087860,               "COMODORO RIVADAVIA AERO", -45.7833,  -67.5000,    46.0,198404,    45, , ,W,122699
ARMLP087860,               "COMODORO RIVADAVIA AERO", -45.7833,  -67.5000,    46.0,198405,   590, , ,W,122699
ARMLP087860,               "COMODORO RIVADAVIA AERO", -45.7833,  -67.5000,    46.0,198406,   609, , ,W,122699
ARMLP087860,               "COMODORO RIVADAVIA AERO", -45.7833,  -67.5000,    46.0,198407,   346, , ,W,122699
ARMLP087860,               "COMODORO RIVADAVIA AERO", -45.7833,  -67.5000,    46.0,198408,    35, , ,W,122699
ARMLP087860,               "COMODORO RIVADAVIA AERO", -45.7833,  -67.5000,    46.0,198409,   210, , ,W,122699
ARMLP087860,               "COMODORO RIVADAVIA AERO", -45.7833,  -67.5000,    46.0,198410,    37, , ,W,122699
ARMLP087860,               "COMODORO RIVADAVIA AERO", -45.7833,  -67.5000,    46.0,198411,    98, , ,W,122699
ARMLP087860,               "COMODORO RIVADAVIA AERO", -45.7833,  -67.5000,    46.0,198412,   150, , ,W,122699
ARMLP087860,               "COMODORO RIVADAVIA AERO", -45.7833,  -67.5000,    46.0,198501,   441, , ,W,122699
ARMLP087860,               "COMODORO RIVADAVIA AERO", -45.7833,  -67.5000,    46.0,198502,   162, , ,W,122699
ARMLP087860,               "COMODORO RIVADAVIA AERO", -45.7833,  -67.5000,    46.0,198503,   209, , ,W,122699
ARMLP087860,               "COMODORO RIVADAVIA AERO", -45.7833,  -67.5000,    46.0,198504,    94, , ,W,122699
ARMLP087860,               "COMODORO RIVADAVIA AERO", -45.7833,  -67.5000,    46.0,198505,   381, , ,W,122699
ARMLP087860,               "COMODORO RIVADAVIA AERO", -45.7833,  -67.5000,    46.0,198506,   470, , ,W,122699
ARMLP087860,               "COMODORO RIVADAVIA AERO", -45.7833,  -67.5000,    46.0,198507,    81, , ,W,122699
ARMLP087860,               "COMODORO RIVADAVIA AERO", -45.7833,  -67.5000,    46.0,198508,    11, , ,W,122699
ARMLP087860,               "COMODORO RIVADAVIA AERO", -45.7833,  -67.5000,    46.0,198509,    50, , ,W,122699
ARMLP087860,               "COMODORO RIVADAVIA AERO", -45.7833,  -67.5000,    46.0,198510,   323, , ,W,122699
ARMLP087860,               "COMODORO RIVADAVIA AERO", -45.7833,  -67.5000,    46.0,198511,    23, , ,W,122699
ARMLP087860,               "COMODORO RIVADAVIA AERO", -45.7833,  -67.5000,    46.0,198512,   392, , ,W,122699
ARMLP087860,               "COMODORO RIVADAVIA AERO", -45.7833,  -67.5000,    46.0,198601,     3, , ,W,122699
ARMLP087860,               "COMODORO RIVADAVIA AERO", -45.7833,  -67.5000,    46.0,198602,     7, , ,W,122699
ARMLP087860,               "COMODORO RIVADAVIA AERO", -45.7833,  -67.5000,    46.0,198603,   312, , ,W,122699
ARMLP087860,               "COMODORO RIVADAVIA AERO", -45.7833,  -67.5000,    46.0,198604,   317, , ,W,122699
ARMLP087860,               "COMODORO RIVADAVIA AERO", -45.7833,  -67.5000,    46.0,198605,   340, , ,W,122699
ARMLP087860,               "COMODORO RIVADAVIA AERO", -45.7833,  -67.5000,    46.0,198606,    95, , ,W,122699
ARMLP087860,               "COMODORO RIVADAVIA AERO", -45.7833,  -67.5000,    46.0,198607,   100, , ,W,122699
ARMLP087860,               "COMODORO RIVADAVIA AERO", -45.7833,  -67.5000,    46.0,198608,   121, , ,W,122699
ARMLP087860,               "COMODORO RIVADAVIA AERO", -45.7833,  -67.5000,    46.0,198609,   139, , ,W,122699
ARMLP087860,               "COMODORO RIVADAVIA AERO", -45.7833,  -67.5000,    46.0,198610,   581, , ,W,122699
ARMLP087860,               "COMODORO RIVADAVIA AERO", -45.7833,  -67.5000,    46.0,198611,   254, , ,W,122699
ARMLP087860,               "COMODORO RIVADAVIA AERO", -45.7833,  -67.5000,    46.0,198612,    72, , ,W,122699
ARMLP087860,               "COMODORO RIVADAVIA AERO", -45.7833,  -67.5000,    46.0,198701,     0, , ,W,122699
ARMLP087860,               "COMODORO RIVADAVIA AERO", -45.7833,  -67.5000,    46.0,198702,   201, , ,W,122699
ARMLP087860,               "COMODORO RIVADAVIA AERO", -45.7833,  -67.5000,    46.0,198703,    70, , ,W,122699
ARMLP087860,               "COMODORO RIVADAVIA AERO", -45.7833,  -67.5000,    46.0,198704,    34, , ,W,122699
ARMLP087860,               "COMODORO RIVADAVIA AERO", -45.7833,  -67.5000,    46.0,198705,   128, , ,W,122699
ARMLP087860,               "COMODORO RIVADAVIA AERO", -45.7833,  -67.5000,    46.0,198706,    72, , ,W,122699
ARMLP087860,               "COMODORO RIVADAVIA AERO", -45.7833,  -67.5000,    46.0,198707,  1308, , ,W,122699
ARMLP087860,               "COMODORO RIVADAVIA AERO", -45.7833,  -67.5000,    46.0,198708,   517, , ,W,122699
ARMLP087860,               "COMODORO RIVADAVIA AERO", -45.7833,  -67.5000,    46.0,198709,    59, , ,W,122699
ARMLP087860,               "COMODORO RIVADAVIA AERO", -45.7833,  -67.5000,    46.0,198710,   368, , ,W,122699
ARMLP087860,               "COMODORO RIVADAVIA AERO", -45.7833,  -67.5000,    46.0,198711,   141, , ,W,122699
ARMLP087860,               "COMODORO RIVADAVIA AERO", -45.7833,  -67.5000,    46.0,198712,   158, , ,W,122699
ARMLP087860,               "COMODORO RIVADAVIA AERO", -45.7833,  -67.5000,    46.0,198801,   129, , ,W,122699
ARMLP087860,               "COMODORO RIVADAVIA AERO", -45.7833,  -67.5000,    46.0,198802,    25, , ,W,122699
ARMLP087860,               "COMODORO RIVADAVIA AERO", -45.7833,  -67.5000,    46.0,198803,    16, , ,W,122699
ARMLP087860,               "COMODORO RIVADAVIA AERO", -45.7833,  -67.5000,    46.0,198804,   244, , ,W,122699
ARMLP087860,               "COMODORO RIVADAVIA AERO", -45.7833,  -67.5000,    46.0,198805,    24, , ,W,122699
ARMLP087860,               "COMODORO RIVADAVIA AERO", -45.7833,  -67.5000,    46.0,198806,   257, , ,W,122699
ARMLP087860,               "COMODORO RIVADAVIA AERO", -45.7833,  -67.5000,    46.0,198807,    12, , ,W,122699
ARMLP087860,               "COMODORO RIVADAVIA AERO", -45.7833,  -67.5000,    46.0,198808,   505, , ,W,122699
ARMLP087860,               "COMODORO RIVADAVIA AERO", -45.7833,  -67.5000,    46.0,198809,     5, , ,W,122699
ARMLP087860,               "COMODORO RIVADAVIA AERO", -45.7833,  -67.5000,    46.0,198810,   124, , ,W,122699
ARMLP087860,               "COMODORO RIVADAVIA AERO", -45.7833,  -67.5000,    46.0,198811,     4, , ,W,122699
ARMLP087860,               "COMODORO RIVADAVIA AERO", -45.7833,  -67.5000,    46.0,198812,    84, , ,W,122699
ARMLP087860,               "COMODORO RIVADAVIA AERO", -45.7833,  -67.5000,    46.0,198901,   171, , ,W,122699
ARMLP087860,               "COMODORO RIVADAVIA AERO", -45.7800,  -67.5000,    46.0,198902,    20, , ,R,078750
ARMLP087860,               "COMODORO RIVADAVIA AERO", -45.7833,  -67.5000,    46.0,198903,   607, , ,W,122699
ARMLP087860,               "COMODORO RIVADAVIA AERO", -45.7833,  -67.5000,    46.0,198904,    59, , ,W,122699
ARMLP087860,               "COMODORO RIVADAVIA AERO", -45.7833,  -67.5000,    46.0,198905,   225, , ,W,122699
ARMLP087860,               "COMODORO RIVADAVIA AERO", -45.7833,  -67.5000,    46.0,198906,    29, , ,W,122699
ARMLP087860,               "COMODORO RIVADAVIA AERO", -45.7833,  -67.5000,    46.0,198907,    90, , ,W,122699
ARMLP087860,               "COMODORO RIVADAVIA AERO", -45.7833,  -67.5000,    46.0,198908,   400, , ,W,122699
ARMLP087860,               "COMODORO RIVADAVIA AERO", -45.7833,  -67.5000,    46.0,198909,   122, , ,W,122699
ARMLP087860,               "COMODORO RIVADAVIA AERO", -45.7833,  -67.5000,    46.0,198910,   119, , ,W,122699
ARMLP087860,               "COMODORO RIVADAVIA AERO", -45.7833,  -67.5000,    46.0,198911,   120, , ,W,122699
ARMLP087860,               "COMODORO RIVADAVIA AERO", -45.7833,  -67.5000,    46.0,198912,    11, , ,W,122699
ARMLP087860,               "COMODORO RIVADAVIA AERO", -45.7833,  -67.5000,    46.0,199001,    47, , ,W,122699
ARMLP087860,               "COMODORO RIVADAVIA AERO", -45.7833,  -67.5000,    46.0,199002,    43, , ,W,122699
ARMLP087860,               "COMODORO RIVADAVIA AERO", -45.7833,  -67.5000,    46.0,199003,    25, , ,W,122699
ARMLP087860,               "COMODORO RIVADAVIA AERO", -45.7833,  -67.5000,    46.0,199004,   178, , ,W,122699
ARMLP087860,               "COMODORO RIVADAVIA AERO", -45.7833,  -67.5000,    46.0,199005,   426, , ,W,122699
ARMLP087860,               "COMODORO RIVADAVIA AERO", -45.7833,  -67.5000,    46.0,199006,   143, , ,W,122699
ARMLP087860,               "COMODORO RIVADAVIA AERO", -45.7833,  -67.5000,    46.0,199007,   122, , ,W,122699
ARMLP087860,               "COMODORO RIVADAVIA AERO", -45.7833,  -67.5000,    46.0,199008,    86, , ,W,122699
ARMLP087860,               "COMODORO RIVADAVIA AERO", -45.7833,  -67.5000,    46.0,199009,   124, , ,W,122699
ARMLP087860,               "COMODORO RIVADAVIA AERO", -45.7833,  -67.5000,    46.0,199010,     0, , ,W,122699
ARMLP087860,               "COMODORO RIVADAVIA AERO", -45.7833,  -67.5000,    46.0,199011,    13, , ,W,122699
ARMLP087860,               "COMODORO RIVADAVIA AERO", -45.7833,  -67.5000,    46.0,199012,    21, , ,W,122699
ARMLP087860,               "COMODORO RIVADAVIA AERO", -45.7833,  -67.5000,    46.0,199101,   283, , ,W,122699
ARMLP087860,               "COMODORO RIVADAVIA AERO", -45.7833,  -67.5000,    46.0,199102,    63, , ,W,122699
ARMLP087860,               "COMODORO RIVADAVIA AERO", -45.7833,  -67.5000,    46.0,199103,    71, , ,W,122699
ARMLP087860,               "COMODORO RIVADAVIA AERO", -45.7833,  -67.5000,    46.0,199104,   131, , ,W,122699
ARMLP087860,               "COMODORO RIVADAVIA AERO", -45.7833,  -67.5000,    46.0,199105,    48, , ,W,122699
ARMLP087860,               "COMODORO RIVADAVIA AERO", -45.7833,  -67.5000,    46.0,199106,   631, , ,W,122699
ARMLP087860,               "COMODORO RIVADAVIA AERO", -45.7833,  -67.5000,    46.0,199107,  1257, , ,W,122699
ARMLP087860,               "COMODORO RIVADAVIA AERO", -45.7833,  -67.5000,    46.0,199108,   400, , ,W,122699
ARMLP087860,               "COMODORO RIVADAVIA AERO", -45.7833,  -67.5000,    46.0,199109,   273, , ,W,122699
ARMLP087860,               "COMODORO RIVADAVIA AERO", -45.7833,  -67.5000,    46.0,199110,   171, , ,W,122699
ARMLP087860,               "COMODORO RIVADAVIA AERO", -45.7833,  -67.5000,    46.0,199111,     7, , ,W,122699
ARMLP087860,               "COMODORO RIVADAVIA AERO", -45.7833,  -67.5000,    46.0,199112,   390, , ,W,122699
ARMLP087860,               "COMODORO RIVADAVIA AERO", -45.7833,  -67.5000,    46.0,199201,   138, , ,W,122699
ARMLP087860,               "COMODORO RIVADAVIA AERO", -45.7833,  -67.5000,    46.0,199202,   366, , ,W,122699
ARMLP087860,               "COMODORO RIVADAVIA AERO", -45.7833,  -67.5000,    46.0,199203,    61, , ,W,122699
ARMLP087860,               "COMODORO RIVADAVIA AERO", -45.7833,  -67.5000,    46.0,199204,   662, , ,W,122699
ARMLP087860,               "COMODORO RIVADAVIA AERO", -45.7833,  -67.5000,    46.0,199205,  1506, , ,W,122699
ARMLP087860,               "COMODORO RIVADAVIA AERO", -45.7833,  -67.5000,    46.0,199206,   487, , ,W,122699
ARMLP087860,               "COMODORO RIVADAVIA AERO", -45.7833,  -67.5000,    46.0,199207,   232, , ,W,122699
ARMLP087860,               "COMODORO RIVADAVIA AERO", -45.7833,  -67.5000,    46.0,199208,    47, , ,W,122699
ARMLP087860,               "COMODORO RIVADAVIA AERO", -45.7833,  -67.5000,    46.0,199209,   155, , ,W,122699
ARMLP087860,               "COMODORO RIVADAVIA AERO", -45.7833,  -67.5000,    46.0,199210,    86, , ,W,122699
ARMLP087860,               "COMODORO RIVADAVIA AERO", -45.7833,  -67.5000,    46.0,199211,   471, , ,W,122699
ARMLP087860,               "COMODORO RIVADAVIA AERO", -45.7833,  -67.5000,    46.0,199212,   105, , ,W,122699
ARMLP087860,               "COMODORO RIVADAVIA AERO", -45.7833,  -67.5000,    46.0,199301,     8, , ,W,122699
ARMLP087860,               "COMODORO RIVADAVIA AERO", -45.7833,  -67.5000,    46.0,199302,    41, , ,W,122699
ARMLP087860,               "COMODORO RIVADAVIA AERO", -45.7833,  -67.5000,    46.0,199303,   128, , ,W,122699
ARMLP087860,               "COMODORO RIVADAVIA AERO", -45.7833,  -67.5000,    46.0,199304,   325, , ,W,122699
ARMLP087860,               "COMODORO RIVADAVIA AERO", -45.7833,  -67.5000,    46.0,199305,   236, , ,W,122699
ARMLP087860,               "COMODORO RIVADAVIA AERO", -45.7833,  -67.5000,    46.0,199306,   200, , ,W,122699
ARMLP087860,               "COMODORO RIVADAVIA AERO", -45.7833,  -67.5000,    46.0,199307,     3, , ,W,122699
ARMLP087860,               "COMODORO RIVADAVIA AERO", -45.7833,  -67.5000,    46.0,199308,    24, , ,W,122699
ARMLP087860,               "COMODORO RIVADAVIA AERO", -45.7833,  -67.5000,    46.0,199309,    61, , ,W,122699
ARMLP087860,               "COMODORO RIVADAVIA AERO", -45.7833,  -67.5000,    46.0,199310,   253, , ,W,122699
ARMLP087860,               "COMODORO RIVADAVIA AERO", -45.7833,  -67.5000,    46.0,199311,   131, , ,W,122699
ARMLP087860,               "COMODORO RIVADAVIA AERO", -45.7833,  -67.5000,    46.0,199312,    73, , ,W,122699
ARMLP087860,               "COMODORO RIVADAVIA AERO", -45.7833,  -67.5000,    46.0,199401,    66, , ,W,122699
ARMLP087860,               "COMODORO RIVADAVIA AERO", -45.7833,  -67.5000,    46.0,199402,     9, , ,W,122699
ARMLP087860,               "COMODORO RIVADAVIA AERO", -45.7833,  -67.5000,    46.0,199403,   245, , ,W,122699
ARMLP087860,               "COMODORO RIVADAVIA AERO", -45.7833,  -67.5000,    46.0,199404,   287, , ,W,122699
ARMLP087860,               "COMODORO RIVADAVIA AERO", -45.7833,  -67.5000,    46.0,199405,   800, , ,W,122699
ARMLP087860,               "COMODORO RIVADAVIA AERO", -45.7833,  -67.5000,    46.0,199406,   273, , ,W,122699
ARMLP087860,               "COMODORO RIVADAVIA AERO", -45.7833,  -67.5000,    46.0,199407,   227, , ,W,122699
ARMLP087860,               "COMODORO RIVADAVIA AERO", -45.7833,  -67.5000,    46.0,199408,    15, , ,W,122699
ARMLP087860,               "COMODORO RIVADAVIA AERO", -45.7833,  -67.5000,    46.0,199409,    80, , ,W,122699
ARMLP087860,               "COMODORO RIVADAVIA AERO", -45.7833,  -67.5000,    46.0,199410,    70, , ,W,122699
ARMLP087860,               "COMODORO RIVADAVIA AERO", -45.7833,  -67.5000,    46.0,199411,   146, , ,W,122699
ARMLP087860,               "COMODORO RIVADAVIA AERO", -45.7833,  -67.5000,    46.0,199412,    96, , ,W,122699
ARMLP087860,               "COMODORO RIVADAVIA AERO", -45.7833,  -67.5000,    46.0,199501,   175, , ,W,122699
ARMLP087860,               "COMODORO RIVADAVIA AERO", -45.7833,  -67.5000,    46.0,199502,    97, , ,W,122699
ARMLP087860,               "COMODORO RIVADAVIA AERO", -45.7833,  -67.5000,    46.0,199503,   622, , ,W,122699
ARMLP087860,               "COMODORO RIVADAVIA AERO", -45.7833,  -67.5000,    46.0,199504,    37, , ,W,122699
ARMLP087860,               "COMODORO RIVADAVIA AERO", -45.7833,  -67.5000,    46.0,199505,   209, , ,W,122699
ARMLP087860,               "COMODORO RIVADAVIA AERO", -45.7833,  -67.5000,    46.0,199506,   296, , ,W,122699
ARMLP087860,               "COMODORO RIVADAVIA AERO", -45.7833,  -67.5000,    46.0,199507,   106, , ,W,122699
ARMLP087860,               "COMODORO RIVADAVIA AERO", -45.7833,  -67.5000,    46.0,199508,   123, , ,W,122699
ARMLP087860,               "COMODORO RIVADAVIA AERO", -45.7833,  -67.5000,    46.0,199509,     6, , ,W,122699
ARMLP087860,               "COMODORO RIVADAVIA AERO", -45.7833,  -67.5000,    46.0,199510,   297, , ,W,122699
ARMLP087860,               "COMODORO RIVADAVIA AERO", -45.7833,  -67.5000,    46.0,199511,    17, , ,W,122699
ARMLP087860,               "COMODORO RIVADAVIA AERO", -45.7833,  -67.5000,    46.0,199512,    30, , ,W,122699
ARMLP087860,               "COMODORO RIVADAVIA AERO", -45.7833,  -67.5000,    46.0,199601,    92, , ,W,122699
ARMLP087860,               "COMODORO RIVADAVIA AERO", -45.7833,  -67.5000,    46.0,199602,   612, , ,W,122699
ARMLP087860,               "COMODORO RIVADAVIA AERO", -45.7833,  -67.5000,    46.0,199603,    24, , ,W,122699
ARMLP087860,               "COMODORO RIVADAVIA AERO", -45.7833,  -67.5000,    46.0,199604,    10, , ,W,122699
ARMLP087860,               "COMODORO RIVADAVIA AERO", -45.7833,  -67.5000,    46.0,199605,    43, , ,W,122699
ARMLP087860,               "COMODORO RIVADAVIA AERO", -45.7833,  -67.5000,    46.0,199606,   109, , ,W,122699
ARMLP087860,               "COMODORO RIVADAVIA AERO", -45.7833,  -67.5000,    46.0,199607,   136, , ,W,122699
ARMLP087860,               "COMODORO RIVADAVIA AERO", -45.7833,  -67.5000,    46.0,199608,   102, , ,W,122699
ARMLP087860,               "COMODORO RIVADAVIA AERO", -45.7833,  -67.5000,    46.0,199609,    26, , ,W,122699
ARMLP087860,               "COMODORO RIVADAVIA AERO", -45.7833,  -67.5000,    46.0,199610,    59, , ,W,122699
ARMLP087860,               "COMODORO RIVADAVIA AERO", -45.7833,  -67.5000,    46.0,199611,    46, , ,W,122699
ARMLP087860,               "COMODORO RIVADAVIA AERO", -45.7833,  -67.5000,    46.0,199612,    63, , ,W,122699
ARMLP087860,               "COMODORO RIVADAVIA AERO", -45.7833,  -67.5000,    46.0,199701,     6, , ,W,122699
ARMLP087860,               "COMODORO RIVADAVIA AERO", -45.7833,  -67.5000,    46.0,199702,   243, , ,W,122699
ARMLP087860,               "COMODORO RIVADAVIA AERO", -45.7833,  -67.5000,    46.0,199703,   597, , ,W,122699
ARMLP087860,               "COMODORO RIVADAVIA AERO", -45.7833,  -67.5000,    46.0,199704,   464, , ,W,122699
ARMLP087860,               "COMODORO RIVADAVIA AERO", -45.7833,  -67.5000,    46.0,199705,   218, , ,W,122699
ARMLP087860,               "COMODORO RIVADAVIA AERO", -45.7833,  -67.5000,    46.0,199706,  1722, , ,W,122699
ARMLP087860,               "COMODORO RIVADAVIA AERO", -45.7833,  -67.5000,    46.0,199707,   394, , ,W,122699
ARMLP087860,               "COMODORO RIVADAVIA AERO", -45.7833,  -67.5000,    46.0,199708,   271, , ,W,122699
ARMLP087860,               "COMODORO RIVADAVIA AERO", -45.7833,  -67.5000,    46.0,199709,   525, , ,W,122699
ARMLP087860,               "COMODORO RIVADAVIA AERO", -45.7833,  -67.5000,    46.0,199710,   158, , ,W,122699
ARMLP087860,               "COMODORO RIVADAVIA AERO", -45.7833,  -67.5000,    46.0,199711,   129, , ,W,122699
ARMLP087860,               "COMODORO RIVADAVIA AERO", -45.7833,  -67.5000,    46.0,199712,   160, , ,W,122699
ARMLP087860,               "COMODORO RIVADAVIA AERO", -45.7833,  -67.5000,    46.0,199801,     5, , ,W,122699
ARMLP087860,               "COMODORO RIVADAVIA AERO", -45.7833,  -67.5000,    46.0,199802,    55, , ,W,122699
ARMLP087860,               "COMODORO RIVADAVIA AERO", -45.7833,  -67.5000,    46.0,199803,    19, , ,W,122699
ARMLP087860,               "COMODORO RIVADAVIA AERO", -45.7833,  -67.5000,    46.0,199804,  1293, , ,W,122699
ARMLP087860,               "COMODORO RIVADAVIA AERO", -45.7833,  -67.5000,    46.0,199805,   367, , ,W,122699
ARMLP087860,               "COMODORO RIVADAVIA AERO", -45.7833,  -67.5000,    46.0,199806,   130, , ,W,122699
ARMLP087860,               "COMODORO RIVADAVIA AERO", -45.7833,  -67.5000,    46.0,199807,     0, , ,W,122699
ARMLP087860,               "COMODORO RIVADAVIA AERO", -45.7833,  -67.5000,    46.0,199808,    66, , ,W,122699
ARMLP087860,               "COMODORO RIVADAVIA AERO", -45.7833,  -67.5000,    46.0,199809,   246, , ,W,122699
ARMLP087860,               "COMODORO RIVADAVIA AERO", -45.7833,  -67.5000,    46.0,199810,    65, , ,W,122699
ARMLP087860,               "COMODORO RIVADAVIA AERO", -45.7833,  -67.5000,    46.0,199811,   187, , ,W,122699
ARMLP087860,               "COMODORO RIVADAVIA AERO", -45.7833,  -67.5000,    46.0,199812,    21, , ,W,122699
ARMLP087860,               "COMODORO RIVADAVIA AERO", -45.7833,  -67.5000,    46.0,199901,   551, , ,W,122699
ARMLP087860,               "COMODORO RIVADAVIA AERO", -45.7833,  -67.5000,    46.0,199902,    80, , ,W,122699
ARMLP087860,               "COMODORO RIVADAVIA AERO", -45.7833,  -67.5000,    46.0,199903,   229, , ,W,122699
ARMLP087860,               "COMODORO RIVADAVIA AERO", -45.7833,  -67.5000,    46.0,199904,    18, , ,W,122699
ARMLP087860,               "COMODORO RIVADAVIA AERO", -45.7833,  -67.5000,    46.0,199905,    38, , ,W,122699
ARMLP087860,               "COMODORO RIVADAVIA AERO", -45.7833,  -67.5000,    46.0,199906,   172, , ,W,122699
ARMLP087860,               "COMODORO RIVADAVIA AERO", -45.7833,  -67.5000,    46.0,199907,    38, , ,W,122699
ARMLP087860,               "COMODORO RIVADAVIA AERO", -45.7833,  -67.5000,    46.0,199908,   205, , ,W,122699
ARMLP087860,               "COMODORO RIVADAVIA AERO", -45.7833,  -67.5000,    46.0,199909,   325, , ,W,122699
ARMLP087860,               "COMODORO RIVADAVIA AERO", -45.7833,  -67.5000,    46.0,199910,   729, , ,W,122699
ARMLP087860,               "COMODORO RIVADAVIA AERO", -45.7833,  -67.5000,    46.0,199911,   229, , ,W,122699
ARMLP087860,               "COMODORO RIVADAVIA AERO", -45.7833,  -67.5000,    46.0,199912,   165, , ,W,122699
ARMLP087860,               "COMODORO RIVADAVIA AERO", -45.7833,  -67.5000,    46.0,200001,    70, , ,W,122699
ARMLP087860,               "COMODORO RIVADAVIA AERO", -45.7833,  -67.5000,    46.0,200002,   297, , ,W,122699
ARMLP087860,               "COMODORO RIVADAVIA AERO", -45.7833,  -67.5000,    46.0,200003,    36, , ,W,122699
ARMLP087860,               "COMODORO RIVADAVIA AERO", -45.7833,  -67.5000,    46.0,200004,    61, , ,W,122699
ARMLP087860,               "COMODORO RIVADAVIA AERO", -45.7833,  -67.5000,    46.0,200005,   650, , ,W,122699
ARMLP087860,               "COMODORO RIVADAVIA AERO", -45.7833,  -67.5000,    46.0,200006,   802, , ,W,122699
ARMLP087860,               "COMODORO RIVADAVIA AERO", -45.7833,  -67.5000,    46.0,200007,   131, , ,W,122699
ARMLP087860,               "COMODORO RIVADAVIA AERO", -45.7833,  -67.5000,    46.0,200008,    23, , ,W,122699
ARMLP087860,               "COMODORO RIVADAVIA AERO", -45.7833,  -67.5000,    46.0,200009,   925, , ,W,122699
ARMLP087860,               "COMODORO RIVADAVIA AERO", -45.7833,  -67.5000,    46.0,200010,    17, , ,W,122699
ARMLP087860,               "COMODORO RIVADAVIA AERO", -45.7833,  -67.5000,    46.0,200011,   536, , ,W,122699
ARMLP087860,               "COMODORO RIVADAVIA AERO", -45.7833,  -67.5000,    46.0,200012,     4, , ,W,122699
ARMLP087860,               "COMODORO RIVADAVIA AERO", -45.7833,  -67.5000,    46.0,200101,    -1, , ,W,122699
ARMLP087860,               "COMODORO RIVADAVIA AERO", -45.7833,  -67.5000,    46.0,200102,     2, , ,W,122699
ARMLP087860,               "COMODORO RIVADAVIA AERO", -45.7833,  -67.5000,    46.0,200103,   232, , ,W,122699
ARMLP087860,               "COMODORO RIVADAVIA AERO", -45.7833,  -67.5000,    46.0,200104,   259, , ,W,122699
ARMLP087860,               "COMODORO RIVADAVIA AERO", -45.7833,  -67.5000,    46.0,200105,    98, , ,W,122699
ARMLP087860,               "COMODORO RIVADAVIA AERO", -45.7833,  -67.5000,    46.0,200106,   226, , ,W,122699
ARMLP087860,               "COMODORO RIVADAVIA AERO", -45.7833,  -67.5000,    46.0,200107,   566, , ,W,122699
ARMLP087860,               "COMODORO RIVADAVIA AERO", -45.7833,  -67.5000,    46.0,200108,   211, , ,W,122699
ARMLP087860,               "COMODORO RIVADAVIA AERO", -45.7833,  -67.5000,    46.0,200109,    94, , ,W,122699
ARMLP087860,               "COMODORO RIVADAVIA AERO", -45.7833,  -67.5000,    46.0,200110,   134, , ,W,122699
ARMLP087860,               "COMODORO RIVADAVIA AERO", -45.7833,  -67.5000,    46.0,200111,    30, , ,W,122699
ARMLP087860,               "COMODORO RIVADAVIA AERO", -45.7833,  -67.5000,    46.0,200112,     4, , ,W,122699
ARMLP087860,               "COMODORO RIVADAVIA AERO", -45.7833,  -67.5000,    46.0,200201,   116, , ,W,122699
ARMLP087860,               "COMODORO RIVADAVIA AERO", -45.7833,  -67.5000,    46.0,200202,    17, , ,W,122699
ARMLP087860,               "COMODORO RIVADAVIA AERO", -45.7833,  -67.5000,    46.0,200203,   442, , ,W,122699
ARMLP087860,               "COMODORO RIVADAVIA AERO", -45.7833,  -67.5000,    46.0,200204,    32, , ,W,122699
ARMLP087860,               "COMODORO RIVADAVIA AERO", -45.7833,  -67.5000,    46.0,200205,  1416, , ,W,122699
ARMLP087860,               "COMODORO RIVADAVIA AERO", -45.7833,  -67.5000,    46.0,200206,   461, , ,W,122699
ARMLP087860,               "COMODORO RIVADAVIA AERO", -45.7833,  -67.5000,    46.0,200207,   107, , ,W,122699
ARMLP087860,               "COMODORO RIVADAVIA AERO", -45.7833,  -67.5000,    46.0,200208,   788, , ,W,122699
ARMLP087860,               "COMODORO RIVADAVIA AERO", -45.7833,  -67.5000,    46.0,200209,   286, , ,W,122699
ARMLP087860,               "COMODORO RIVADAVIA AERO", -45.7833,  -67.5000,    46.0,200210,    68, , ,W,122699
ARMLP087860,               "COMODORO RIVADAVIA AERO", -45.7833,  -67.5000,    46.0,200211,   210, , ,W,122699
ARMLP087860,               "COMODORO RIVADAVIA AERO", -45.7833,  -67.5000,    46.0,200212,     9, , ,W,122699
ARMLP087860,               "COMODORO RIVADAVIA AERO", -45.7833,  -67.5000,    46.0,200301,   230, , ,W,122699
ARMLP087860,               "COMODORO RIVADAVIA AERO", -45.7833,  -67.5000,    46.0,200302,   341, , ,W,122699
ARMLP087860,               "COMODORO RIVADAVIA AERO", -45.7833,  -67.5000,    46.0,200303,   263, , ,W,122699
ARMLP087860,               "COMODORO RIVADAVIA AERO", -45.7833,  -67.5000,    46.0,200304,    71, , ,W,122699
ARMLP087860,               "COMODORO RIVADAVIA AERO", -45.7833,  -67.5000,    46.0,200305,   884, , ,W,122699
ARMLP087860,               "COMODORO RIVADAVIA AERO", -45.7833,  -67.5000,    46.0,200306,   389, , ,W,122699
ARMLP087860,               "COMODORO RIVADAVIA AERO", -45.7833,  -67.5000,    46.0,200307,    36, , ,W,122699
ARMLP087860,               "COMODORO RIVADAVIA AERO", -45.7833,  -67.5000,    46.0,200308,   236, , ,W,122699
ARMLP087860,               "COMODORO RIVADAVIA AERO", -45.7833,  -67.5000,    46.0,200309,   347, , ,W,122699
ARMLP087860,               "COMODORO RIVADAVIA AERO", -45.7833,  -67.5000,    46.0,200310,   144, , ,W,122699
ARMLP087860,               "COMODORO RIVADAVIA AERO", -45.7833,  -67.5000,    46.0,200311,    52, , ,W,122699
ARMLP087860,               "COMODORO RIVADAVIA AERO", -45.7833,  -67.5000,    46.0,200312,   103, , ,W,122699
ARMLP087860,               "COMODORO RIVADAVIA AERO", -45.7833,  -67.5000,    46.0,200401,     7, , ,W,122699
ARMLP087860,               "COMODORO RIVADAVIA AERO", -45.7833,  -67.5000,    46.0,200402,   142, , ,W,122699
ARMLP087860,               "COMODORO RIVADAVIA AERO", -45.7833,  -67.5000,    46.0,200403,    27, , ,W,122699
ARMLP087860,               "COMODORO RIVADAVIA AERO", -45.7833,  -67.5000,    46.0,200404,   204, , ,W,122699
ARMLP087860,               "COMODORO RIVADAVIA AERO", -45.7833,  -67.5000,    46.0,200405,   187, , ,W,122699
ARMLP087860,               "COMODORO RIVADAVIA AERO", -45.7833,  -67.5000,    46.0,200406,    54, , ,W,122699
ARMLP087860,               "COMODORO RIVADAVIA AERO", -45.7833,  -67.5000,    46.0,200407,   435, , ,W,122699
ARMLP087860,               "COMODORO RIVADAVIA AERO", -45.7833,  -67.5000,    46.0,200408,    58, , ,W,122699
ARMLP087860,               "COMODORO RIVADAVIA AERO", -45.7833,  -67.5000,    46.0,200409,   158, , ,W,122699
ARMLP087860,               "COMODORO RIVADAVIA AERO", -45.7833,  -67.5000,    46.0,200410,    22, , ,W,122699
ARMLP087860,               "COMODORO RIVADAVIA AERO", -45.7833,  -67.5000,    46.0,200411,   164, , ,W,122699
ARMLP087860,               "COMODORO RIVADAVIA AERO", -45.7833,  -67.5000,    46.0,200412,   103, , ,W,122699
ARMLP087860,               "COMODORO RIVADAVIA AERO", -45.7833,  -67.5000,    46.0,200501,   116, , ,W,122699
ARMLP087860,               "COMODORO RIVADAVIA AERO", -45.7833,  -67.5000,    46.0,200502,    20, , ,W,122699
ARMLP087860,               "COMODORO RIVADAVIA AERO", -45.7833,  -67.5000,    46.0,200503,    26, , ,W,122699
ARMLP087860,               "COMODORO RIVADAVIA AERO", -45.7833,  -67.5000,    46.0,200504,   222, , ,W,122699
ARMLP087860,               "COMODORO RIVADAVIA AERO", -45.7833,  -67.5000,    46.0,200505,   227, , ,W,122699
ARMLP087860,               "COMODORO RIVADAVIA AERO", -45.7833,  -67.5000,    46.0,200506,  1356, , ,W,122699
ARMLP087860,               "COMODORO RIVADAVIA AERO", -45.7833,  -67.5000,    46.0,200507,   122, , ,W,122699
ARMLP087860,               "COMODORO RIVADAVIA AERO", -45.7833,  -67.5000,    46.0,200508,   258, , ,W,122699
ARMLP087860,               "COMODORO RIVADAVIA AERO", -45.7833,  -67.5000,    46.0,200509,    94, , ,W,122699
ARMLP087860,               "COMODORO RIVADAVIA AERO", -45.7833,  -67.5000,    46.0,200510,    86, , ,W,122699
ARMLP087860,               "COMODORO RIVADAVIA AERO", -45.7833,  -67.5000,    46.0,200511,   312, , ,W,122699
ARMLP087860,               "COMODORO RIVADAVIA AERO", -45.7833,  -67.5000,    46.0,200512,   116, , ,W,122699
ARMLP087860,               "COMODORO RIVADAVIA AERO", -45.7833,  -67.5000,    46.0,200601,    21, , ,W,122699
ARMLP087860,               "COMODORO RIVADAVIA AERO", -45.7833,  -67.5000,    46.0,200602,    93, , ,W,122699
ARMLP087860,               "COMODORO RIVADAVIA AERO", -45.7833,  -67.5000,    46.0,200603,     7, , ,W,122699
ARMLP087860,               "COMODORO RIVADAVIA AERO", -45.7833,  -67.5000,    46.0,200604,   211, , ,W,122699
ARMLP087860,               "COMODORO RIVADAVIA AERO", -45.7833,  -67.5000,    46.0,200605,   304, , ,W,122699
ARMLP087860,               "COMODORO RIVADAVIA AERO", -45.7833,  -67.5000,    46.0,200606,   125, , ,W,122699
ARMLP087860,               "COMODORO RIVADAVIA AERO", -45.7833,  -67.5000,    46.0,200607,   233, , ,W,122699
ARMLP087860,               "COMODORO RIVADAVIA AERO", -45.7833,  -67.5000,    46.0,200608,   567, , ,W,122699
ARMLP087860,               "COMODORO RIVADAVIA AERO", -45.7833,  -67.5000,    46.0,200609,   139, , ,W,122699
ARMLP087860,               "COMODORO RIVADAVIA AERO", -45.7833,  -67.5000,    46.0,200610,   123, , ,W,122699
ARMLP087860,               "COMODORO RIVADAVIA AERO", -45.7833,  -67.5000,    46.0,200611,     4, , ,W,122699
ARMLP087860,               "COMODORO RIVADAVIA AERO", -45.7833,  -67.5000,    46.0,200612,    -1, , ,W,122699
ARMLP087860,               "COMODORO RIVADAVIA AERO", -45.7833,  -67.5000,    46.0,200701,   125, , ,W,122699
ARMLP087860,               "COMODORO RIVADAVIA AERO", -45.7833,  -67.5000,    46.0,200702,    30, , ,W,122699
ARMLP087860,               "COMODORO RIVADAVIA AERO", -45.7833,  -67.5000,    46.0,200703,   176, , ,W,122699
ARMLP087860,               "COMODORO RIVADAVIA AERO", -45.7833,  -67.5000,    46.0,200704,   570, , ,W,122699
ARMLP087860,               "COMODORO RIVADAVIA AERO", -45.7833,  -67.5000,    46.0,200705,    80, , ,W,122699
ARMLP087860,               "COMODORO RIVADAVIA AERO", -45.7833,  -67.5000,    46.0,200706,    30, , ,W,122699
ARMLP087860,               "COMODORO RIVADAVIA AERO", -45.7833,  -67.5000,    46.0,200707,    16, , ,W,122699
ARMLP087860,               "COMODORO RIVADAVIA AERO", -45.7833,  -67.5000,    46.0,200708,   123, , ,W,122699
ARMLP087860,               "COMODORO RIVADAVIA AERO", -45.7833,  -67.5000,    46.0,200709,   190, , ,W,122699
ARMLP087860,               "COMODORO RIVADAVIA AERO", -45.7833,  -67.5000,    46.0,200710,    50, , ,W,122699
ARMLP087860,               "COMODORO RIVADAVIA AERO", -45.7833,  -67.5000,    46.0,200711,   151, , ,W,122699
ARMLP087860,               "COMODORO RIVADAVIA AERO", -45.7833,  -67.5000,    46.0,200712,    96, , ,W,122699
ARMLP087860,               "COMODORO RIVADAVIA AERO", -45.7833,  -67.5000,    46.0,200801,   107, , ,W,122699
ARMLP087860,               "COMODORO RIVADAVIA AERO", -45.7833,  -67.5000,    46.0,200802,     3, , ,W,122699
ARMLP087860,               "COMODORO RIVADAVIA AERO", -45.7833,  -67.5000,    46.0,200803,    35, , ,W,122699
ARMLP087860,               "COMODORO RIVADAVIA AERO", -45.7833,  -67.5000,    46.0,200804,   217, , ,W,122699
ARMLP087860,               "COMODORO RIVADAVIA AERO", -45.7833,  -67.5000,    46.0,200805,  1015, , ,W,122699
ARMLP087860,               "COMODORO RIVADAVIA AERO", -45.7833,  -67.5000,    46.0,200806,    86, , ,W,122699
ARMLP087860,               "COMODORO RIVADAVIA AERO", -45.7833,  -67.5000,    46.0,200807,    85, , ,W,122699
ARMLP087860,               "COMODORO RIVADAVIA AERO", -45.7833,  -67.5000,    46.0,200808,   187, , ,W,122699
ARMLP087860,               "COMODORO RIVADAVIA AERO", -45.7833,  -67.5000,    46.0,200809,   291, , ,W,122699
ARMLP087860,               "COMODORO RIVADAVIA AERO", -45.7833,  -67.5000,    46.0,200810,    24, , ,W,122699
ARMLP087860,               "COMODORO RIVADAVIA AERO", -45.7833,  -67.5000,    46.0,200811,    25, , ,W,122699
ARMLP087860,               "COMODORO RIVADAVIA AERO", -45.7833,  -67.5000,    46.0,200812,   112, , ,W,122699
ARMLP087860,               "COMODORO RIVADAVIA AERO", -45.7833,  -67.5000,    46.0,200901,   100, , ,W,122699
ARMLP087860,               "COMODORO RIVADAVIA AERO", -45.7833,  -67.5000,    46.0,200902,   374, , ,W,122699
ARMLP087860,               "COMODORO RIVADAVIA AERO", -45.7833,  -67.5000,    46.0,200903,    60, , ,W,122699
ARMLP087860,               "COMODORO RIVADAVIA AERO", -45.7833,  -67.5000,    46.0,200904,    45, , ,W,122699
ARMLP087860,               "COMODORO RIVADAVIA AERO", -45.7833,  -67.5000,    46.0,200905,    70, , ,W,122699
ARMLP087860,               "COMODORO RIVADAVIA AERO", -45.7833,  -67.5000,    46.0,200906,   140, , ,W,122699
ARMLP087860,               "COMODORO RIVADAVIA AERO", -45.7833,  -67.5000,    46.0,200907,   178, , ,W,122699
ARMLP087860,               "COMODORO RIVADAVIA AERO", -45.7833,  -67.5000,    46.0,200908,    50, , ,W,122699
ARMLP087860,               "COMODORO RIVADAVIA AERO", -45.7833,  -67.5000,    46.0,200909,   138, , ,W,122699
ARMLP087860,               "COMODORO RIVADAVIA AERO", -45.7833,  -67.5000,    46.0,200910,   180, , ,W,122699
ARMLP087860,               "COMODORO RIVADAVIA AERO", -45.7833,  -67.5000,    46.0,200911,    38, , ,W,122699
ARMLP087860,               "COMODORO RIVADAVIA AERO", -45.7833,  -67.5000,    46.0,200912,   165, , ,W,122699
ARMLP087860,               "COMODORO RIVADAVIA AERO", -45.7833,  -67.5000,    46.0,201001,    -1, , ,W,122699
ARMLP087860,               "COMODORO RIVADAVIA AERO", -45.7833,  -67.5000,    46.0,201002,   326, , ,W,122699
ARMLP087860,               "COMODORO RIVADAVIA AERO", -45.7833,  -67.5000,    46.0,201003,    47, , ,W,122699
ARMLP087860,               "COMODORO RIVADAVIA AERO", -45.7833,  -67.5000,    46.0,201004,   209, , ,W,122699
ARMLP087860,               "COMODORO RIVADAVIA AERO", -45.7833,  -67.5000,    46.0,201005,    14, , ,W,122699
ARMLP087860,               "COMODORO RIVADAVIA AERO", -45.7833,  -67.5000,    46.0,201006,   218, , ,W,122699
ARMLP087860,               "COMODORO RIVADAVIA AERO", -45.7833,  -67.5000,    46.0,201007,   284, , ,W,122699
ARMLP087860,               "COMODORO RIVADAVIA AERO", -45.7833,  -67.5000,    46.0,201008,    10, , ,W,122699
ARMLP087860,               "COMODORO RIVADAVIA AERO", -45.7833,  -67.5000,    46.0,201009,    70, , ,W,122699
ARMLP087860,               "COMODORO RIVADAVIA AERO", -45.7833,  -67.5000,    46.0,201010,    51, , ,W,122699
ARMLP087860,               "COMODORO RIVADAVIA AERO", -45.7833,  -67.5000,    46.0,201011,   645, , ,W,122699
ARMLP087860,               "COMODORO RIVADAVIA AERO", -45.7833,  -67.5000,    46.0,201012,    70, , ,W,122699
ARMLP087860,               "COMODORO RIVADAVIA AERO", -45.7833,  -67.5000,    46.0,201101,   394, , ,W,122699
ARMLP087860,               "COMODORO RIVADAVIA AERO", -45.7833,  -67.5000,    46.0,201102,   272, , ,W,122699
ARMLP087860,               "COMODORO RIVADAVIA AERO", -45.7833,  -67.5000,    46.0,201103,   198, , ,W,122699
ARMLP087860,               "COMODORO RIVADAVIA AERO", -45.7833,  -67.5000,    46.0,201104,  1101, , ,W,122699
ARMLP087860,               "COMODORO RIVADAVIA AERO", -45.7833,  -67.5000,    46.0,201105,    43, , ,W,122699
ARMLP087860,               "COMODORO RIVADAVIA AERO", -45.7833,  -67.5000,    46.0,201106,    64, , ,W,122699
ARMLP087860,               "COMODORO RIVADAVIA AERO", -45.7833,  -67.5000,    46.0,201107,   182, , ,W,122699
ARMLP087860,               "COMODORO RIVADAVIA AERO", -45.7833,  -67.5000,    46.0,201108,   181, , ,W,122699
ARMLP087860,               "COMODORO RIVADAVIA AERO", -45.7833,  -67.5000,    46.0,201109,   116, , ,W,122699
ARMLP087860,               "COMODORO RIVADAVIA AERO", -45.7833,  -67.5000,    46.0,201110,   209, , ,W,122699
ARMLP087860,               "COMODORO RIVADAVIA AERO", -45.7833,  -67.5000,    46.0,201111,    61, , ,W,122699
ARMLP087860,               "COMODORO RIVADAVIA AERO", -45.7833,  -67.5000,    46.0,201112,     3, , ,W,122699
ARMLP087860,               "COMODORO RIVADAVIA AERO", -45.7833,  -67.5000,    46.0,201201,   227, , ,W,122699
ARMLP087860,               "COMODORO RIVADAVIA AERO", -45.7833,  -67.5000,    46.0,201202,   655, , ,W,122699
ARMLP087860,               "COMODORO RIVADAVIA AERO", -45.7833,  -67.5000,    46.0,201203,    37, , ,W,122699
ARMLP087860,               "COMODORO RIVADAVIA AERO", -45.7833,  -67.5000,    46.0,201204,   190, , ,W,122699
ARMLP087860,               "COMODORO RIVADAVIA AERO", -45.7833,  -67.5000,    46.0,201205,   400, , ,W,122699
ARMLP087860,               "COMODORO RIVADAVIA AERO", -45.7833,  -67.5000,    46.0,201206,   462, , ,W,122699
ARMLP087860,               "COMODORO RIVADAVIA AERO", -45.7833,  -67.5000,    46.0,201207,    45, , ,W,122699
ARMLP087860,               "COMODORO RIVADAVIA AERO", -45.7833,  -67.5000,    46.0,201208,    80, , ,W,122699
ARMLP087860,               "COMODORO RIVADAVIA AERO", -45.7833,  -67.5000,    46.0,201209,    -1, , ,W,122699
ARMLP087860,               "COMODORO RIVADAVIA AERO", -45.7833,  -67.5000,    46.0,201210,     8, , ,W,122699
ARMLP087860,               "COMODORO RIVADAVIA AERO", -45.7833,  -67.5000,    46.0,201211,     9, , ,W,122699
ARMLP087860,               "COMODORO RIVADAVIA AERO", -45.7833,  -67.5000,    46.0,201212,   434, , ,W,122699
ARMLP087860,               "COMODORO RIVADAVIA AERO", -45.7833,  -67.5000,    46.0,201301,   120, , ,W,122699
ARMLP087860,               "COMODORO RIVADAVIA AERO", -45.7833,  -67.5000,    46.0,201302,   534, , ,W,122699
ARMLP087860,               "COMODORO RIVADAVIA AERO", -45.7833,  -67.5000,    46.0,201303,   282, , ,W,122699
ARMLP087860,               "COMODORO RIVADAVIA AERO", -45.7833,  -67.5000,    46.0,201304,     0, , ,W,122699
ARMLP087860,               "COMODORO RIVADAVIA AERO", -45.7833,  -67.5000,    46.0,201305,    45, , ,W,122699
ARMLP087860,               "COMODORO RIVADAVIA AERO", -45.7833,  -67.5000,    46.0,201306,   264, , ,W,122699
ARMLP087860,               "COMODORO RIVADAVIA AERO", -45.7833,  -67.5000,    46.0,201307,    11, , ,W,122699
ARMLP087860,               "COMODORO RIVADAVIA AERO", -45.7833,  -67.5000,    46.0,201308,   612, , ,W,122699
ARMLP087860,               "COMODORO RIVADAVIA AERO", -45.7833,  -67.5000,    46.0,201309,   248, , ,W,122699
ARMLP087860,               "COMODORO RIVADAVIA AERO", -45.7833,  -67.5000,    46.0,201310,   148, , ,W,122699
ARMLP087860,               "COMODORO RIVADAVIA AERO", -45.7833,  -67.5000,    46.0,201311,   120, , ,W,122699
ARMLP087860,               "COMODORO RIVADAVIA AERO", -45.7833,  -67.5000,    46.0,201312,    41, , ,W,122699
ARMLP087860,               "COMODORO RIVADAVIA AERO", -45.7833,  -67.5000,    46.0,201401,    35, , ,W,122699
ARMLP087860,               "COMODORO RIVADAVIA AERO", -45.7833,  -67.5000,    46.0,201402,    30, , ,W,122699
ARMLP087860,               "COMODORO RIVADAVIA AERO", -45.7833,  -67.5000,    46.0,201403,   554, , ,W,122699
ARMLP087860,               "COMODORO RIVADAVIA AERO", -45.7833,  -67.5000,    46.0,201404,   681, , ,W,122699
ARMLP087860,               "COMODORO RIVADAVIA AERO", -45.7833,  -67.5000,    46.0,201405,   207, , ,W,122699
ARMLP087860,               "COMODORO RIVADAVIA AERO", -45.7833,  -67.5000,    46.0,201406,   602, , ,W,122699
ARMLP087860,               "COMODORO RIVADAVIA AERO", -45.7833,  -67.5000,    46.0,201407,   165, , ,W,122699
ARMLP087860,               "COMODORO RIVADAVIA AERO", -45.7833,  -67.5000,    46.0,201408,    25, , ,W,122699
ARMLP087860,               "COMODORO RIVADAVIA AERO", -45.7833,  -67.5000,    46.0,201409,   222, , ,W,122699
ARMLP087860,               "COMODORO RIVADAVIA AERO", -45.7833,  -67.5000,    46.0,201410,   291, , ,W,122699
ARMLP087860,               "COMODORO RIVADAVIA AERO", -45.7833,  -67.5000,    46.0,201411,    34, , ,W,122699
ARMLP087860,               "COMODORO RIVADAVIA AERO", -45.7833,  -67.5000,    46.0,201412,   201, , ,W,122699
ARMLP087860,               "COMODORO RIVADAVIA AERO", -45.7833,  -67.5000,    46.0,201501,    63, , ,W,122699
ARMLP087860,               "COMODORO RIVADAVIA AERO", -45.7833,  -67.5000,    46.0,201502,    16, , ,W,122699
ARMLP087860,               "COMODORO RIVADAVIA AERO", -45.7833,  -67.5000,    46.0,201503,     0, , ,W,122699
ARMLP087860,               "COMODORO RIVADAVIA AERO", -45.7833,  -67.5000,    46.0,201504,   194, , ,W,122699
ARMLP087860,               "COMODORO RIVADAVIA AERO", -45.7833,  -67.5000,    46.0,201505,    40, , ,W,122699
ARMLP087860,               "COMODORO RIVADAVIA AERO", -45.7833,  -67.5000,    46.0,201506,   151, , ,W,122699
ARMLP087860,               "COMODORO RIVADAVIA AERO", -45.7833,  -67.5000,    46.0,201507,   120, , ,W,122699
ARMLP087860,               "COMODORO RIVADAVIA AERO", -45.7833,  -67.5000,    46.0,201508,   305, , ,W,122699
ARMLP087860,               "COMODORO RIVADAVIA AERO", -45.7833,  -67.5000,    46.0,201509,   220, , ,W,122699
ARMLP087860,               "COMODORO RIVADAVIA AERO", -45.7833,  -67.5000,    46.0,201510,    50, , ,W,122699
ARMLP087860,               "COMODORO RIVADAVIA AERO", -45.7833,  -67.5000,    46.0,201511,    70, , ,W,122699
ARMLP087860,               "COMODORO RIVADAVIA AERO", -45.7833,  -67.5000,    46.0,201512,   110, , ,W,122699
ARMLP087860,               "COMODORO RIVADAVIA AERO", -45.7833,  -67.5000,    46.0,201601,   440, , ,W,122699
ARMLP087860,               "COMODORO RIVADAVIA AERO", -45.7833,  -67.5000,    46.0,201602,   183, , ,W,122699
ARMLP087860,               "COMODORO RIVADAVIA AERO", -45.7833,  -67.5000,    46.0,201603,    30, , ,W,122699
ARMLP087860,               "COMODORO RIVADAVIA AERO", -45.7833,  -67.5000,    46.0,201604,   401, , ,W,122699
ARMLP087860,               "COMODORO RIVADAVIA AERO", -45.7833,  -67.5000,    46.0,201605,   263, , ,W,122699
ARMLP087860,               "COMODORO RIVADAVIA AERO", -45.7833,  -67.5000,    46.0,201606,    20, , ,W,122699
ARMLP087860,               "COMODORO RIVADAVIA AERO", -45.7833,  -67.5000,    46.0,201607,   341, , ,W,122699
ARMLP087860,               "COMODORO RIVADAVIA AERO", -45.7833,  -67.5000,    46.0,201608,   398, , ,W,122699
ARMLP087860,               "COMODORO RIVADAVIA AERO", -45.7833,  -67.5000,    46.0,201609,   233, , ,W,122699
ARMLP087860,               "COMODORO RIVADAVIA AERO", -45.7833,  -67.5000,    46.0,201610,    36, , ,W,122699
ARMLP087860,               "COMODORO RIVADAVIA AERO", -45.7833,  -67.5000,    46.0,201611,    80, , ,W,122699
ARMLP087860,               "COMODORO RIVADAVIA AERO", -45.7833,  -67.5000,    46.0,201612,   293, , ,W,122699
ARMLP087860,               "COMODORO RIVADAVIA AERO", -45.7922,  -67.4619,    46.0,201701,    50, , ,M,118306
ARMLP087860,               "COMODORO RIVADAVIA AERO", -45.7922,  -67.4619,    46.0,201702,     0, , ,M,118306
ARMLP087860,               "COMODORO RIVADAVIA AERO", -45.7922,  -67.4619,    46.0,201703,  3200, , ,M,118306
ARMLP087860,               "COMODORO RIVADAVIA AERO", -45.7922,  -67.4619,    46.0,201704,  1170, , ,M,118306
ARMLP087860,               "COMODORO RIVADAVIA AERO", -45.7922,  -67.4619,    46.0,201705,     0, , ,M,118306
ARMLP087860,               "COMODORO RIVADAVIA AERO", -45.7922,  -67.4619,    46.0,201706,   870, , ,M,118306
ARMLP087860,               "COMODORO RIVADAVIA AERO", -45.7922,  -67.4619,    46.0,201707,    10, , ,M,118306
ARMLP087860,               "COMODORO RIVADAVIA AERO", -45.7922,  -67.4619,    46.0,201708,    60, , ,M,118306
ARMLP087860,               "COMODORO RIVADAVIA AERO", -45.7922,  -67.4619,    46.0,201709,    40, , ,M,118306
ARMLP087860,               "COMODORO RIVADAVIA AERO", -45.7922,  -67.4619,    46.0,201710,    20, , ,M,118306
ARMLP087860,               "COMODORO RIVADAVIA AERO", -45.7922,  -67.4619,    46.0,201711,   150, , ,M,118306
ARMLP087860,               "COMODORO RIVADAVIA AERO", -45.7922,  -67.4619,    46.0,201712,    10, , ,M,118306
ARMLP087860,               "COMODORO RIVADAVIA AERO", -45.7922,  -67.4619,    46.0,201801,     0, , ,M,118306
ARMLP087860,               "COMODORO RIVADAVIA AERO", -45.7922,  -67.4619,    46.0,201802,     0, , ,M,118306
ARMLP087860,               "COMODORO RIVADAVIA AERO", -45.7922,  -67.4619,    46.0,201803,   170, , ,M,118306
ARMLP087860,               "COMODORO RIVADAVIA AERO", -45.7922,  -67.4619,    46.0,201804,   210, , ,M,118306
ARMLP087860,               "COMODORO RIVADAVIA AERO", -45.7922,  -67.4619,    46.0,201805,   480, , ,M,118306
ARMLP087860,               "COMODORO RIVADAVIA AERO", -45.7922,  -67.4619,    46.0,201806,    30, , ,M,118306
ARMLP087860,               "COMODORO RIVADAVIA AERO", -45.7922,  -67.4619,    46.0,201807,   380, , ,M,118306
ARMLP087860,               "COMODORO RIVADAVIA AERO", -45.7922,  -67.4619,    46.0,201808,    20, , ,M,118306
ARMLP087860,               "COMODORO RIVADAVIA AERO", -45.7922,  -67.4619,    46.0,201809,   330, , ,M,118306
ARMLP087860,               "COMODORO RIVADAVIA AERO", -45.7922,  -67.4619,    46.0,201810,   200, , ,M,118306
ARMLP087860,               "COMODORO RIVADAVIA AERO", -45.7922,  -67.4619,    46.0,201811,   190, , ,M,118306
ARMLP087860,               "COMODORO RIVADAVIA AERO", -45.7922,  -67.4619,    46.0,201812,    50, , ,M,118306
ARMLP087860,               "COMODORO RIVADAVIA AERO", -45.7922,  -67.4619,    46.0,201901,     0, , ,M,118306
ARMLP087860,               "COMODORO RIVADAVIA AERO", -45.7922,  -67.4619,    46.0,201902,    60, , ,M,118306
ARMLP087860,               "COMODORO RIVADAVIA AERO", -45.7922,  -67.4619,    46.0,201903,   410, , ,M,118306
ARMLP087860,               "COMODORO RIVADAVIA AERO", -45.7922,  -67.4619,    46.0,201904,   100, , ,M,118306
ARMLP087860,               "COMODORO RIVADAVIA AERO", -45.7922,  -67.4619,    46.0,201905,    50, , ,M,118306
ARMLP087860,               "COMODORO RIVADAVIA AERO", -45.7922,  -67.4619,    46.0,201906,   400, , ,M,118306
ARMLP087860,               "COMODORO RIVADAVIA AERO", -45.7922,  -67.4619,    46.0,201907,   120, , ,M,118306
ARMLP087860,               "COMODORO RIVADAVIA AERO", -45.7922,  -67.4619,    46.0,201908,    80, , ,M,118306
ARMLP087860,               "COMODORO RIVADAVIA AERO", -45.7922,  -67.4619,    46.0,201909,    40, , ,M,118306
ARMLP087860,               "COMODORO RIVADAVIA AERO", -45.7922,  -67.4619,    46.0,201910,    50, , ,M,118306
ARMLP087860,               "COMODORO RIVADAVIA AERO", -45.7922,  -67.4619,    46.0,201911,    40, , ,M,118306
ARMLP087860,               "COMODORO RIVADAVIA AERO", -45.7922,  -67.4619,    46.0,201912,   550, , ,M,118306
ARMLP087860,               "COMODORO RIVADAVIA AERO", -45.7922,  -67.4619,    46.0,202001,     0, , ,M,118306
ARMLP087860,               "COMODORO RIVADAVIA AERO", -45.7922,  -67.4619,    46.0,202002,   230, , ,M,118306
ARMLP087860,               "COMODORO RIVADAVIA AERO", -45.7922,  -67.4619,    46.0,202003,    40, , ,M,118306
ARMLP087860,               "COMODORO RIVADAVIA AERO", -45.7922,  -67.4619,    46.0,202004,   120, , ,M,118306
ARMLP087860,               "COMODORO RIVADAVIA AERO", -45.7922,  -67.4619,    46.0,202005,   190, , ,M,118306
ARMLP087860,               "COMODORO RIVADAVIA AERO", -45.7922,  -67.4619,    46.0,202006,   360, , ,M,118306
ARMLP087860,               "COMODORO RIVADAVIA AERO", -45.7922,  -67.4619,    46.0,202007,   420, , ,M,118306
ARMLP087860,               "COMODORO RIVADAVIA AERO", -45.7922,  -67.4619,    46.0,202008,   240, , ,M,118306
ARMLP087860,               "COMODORO RIVADAVIA AERO", -45.7922,  -67.4619,    46.0,202009,    50, , ,M,118306
ARMLP087860,               "COMODORO RIVADAVIA AERO", -45.7922,  -67.4619,    46.0,202010,     0, , ,M,118306
ARMLP087860,               "COMODORO RIVADAVIA AERO", -45.7922,  -67.4619,    46.0,202011,     0, , ,M,118306
ARMLP087860,               "COMODORO RIVADAVIA AERO", -45.7922,  -67.4619,    46.0,202012,   180, , ,M,118306
ARMLP087860,               "COMODORO RIVADAVIA AERO", -45.7922,  -67.4619,    46.0,202101,     0, , ,M,118306
ARMLP087860,               "COMODORO RIVADAVIA AERO", -45.7922,  -67.4619,    46.0,202102,   130, , ,M,118306
ARMLP087860,               "COMODORO RIVADAVIA AERO", -45.7922,  -67.4619,    46.0,202103,   390, , ,M,118306
ARMLP087860,               "COMODORO RIVADAVIA AERO", -45.7922,  -67.4619,    46.0,202104,   210, , ,M,118306
ARMLP087860,               "COMODORO RIVADAVIA AERO", -45.7922,  -67.4619,    46.0,202105,   310, , ,M,118306
ARMLP087860,               "COMODORO RIVADAVIA AERO", -45.7922,  -67.4619,    46.0,202106,   100, , ,M,118306
ARMLP087860,               "COMODORO RIVADAVIA AERO", -45.7922,  -67.4619,    46.0,202107,     0, , ,M,118306
ARMLP087860,               "COMODORO RIVADAVIA AERO", -45.7922,  -67.4619,    46.0,202108,   520, , ,M,118306
ARMLP087860,               "COMODORO RIVADAVIA AERO", -45.7922,  -67.4619,    46.0,202109,    80, , ,M,118306
ARMLP087860,               "COMODORO RIVADAVIA AERO", -45.7922,  -67.4619,    46.0,202110,   290, , ,M,118306
ARMLP087860,               "COMODORO RIVADAVIA AERO", -45.7922,  -67.4619,    46.0,202111,    30, , ,M,118306
ARMLP087860,               "COMODORO RIVADAVIA AERO", -45.7922,  -67.4619,    46.0,202112,   110, , ,M,118306
ARMLP087860,               "COMODORO RIVADAVIA AERO", -45.7922,  -67.4619,    46.0,202201,    90, , ,M,118306
ARMLP087860,               "COMODORO RIVADAVIA AERO", -45.7922,  -67.4619,    46.0,202202,   270, , ,M,118306
ARMLP087860,               "COMODORO RIVADAVIA AERO", -45.7922,  -67.4619,    46.0,202203,    80, , ,M,118306
ARMLP087860,               "COMODORO RIVADAVIA AERO", -45.7922,  -67.4619,    46.0,202204,  1020, , ,M,118306
ARMLP087860,               "COMODORO RIVADAVIA AERO", -45.7922,  -67.4619,    46.0,202205,    50, , ,M,118306
ARMLP087860,               "COMODORO RIVADAVIA AERO", -45.7922,  -67.4619,    46.0,202206,   160, , ,M,118306
ARMLP087860,               "COMODORO RIVADAVIA AERO", -45.7922,  -67.4619,    46.0,202207,   420, , ,M,118306
ARMLP087860,               "COMODORO RIVADAVIA AERO", -45.7922,  -67.4619,    46.0,202208,   140, , ,M,118306
ARMLP087860,               "COMODORO RIVADAVIA AERO", -45.7922,  -67.4619,    46.0,202209,  1590, , ,M,118306
ARMLP087860,               "COMODORO RIVADAVIA AERO", -45.7922,  -67.4619,    46.0,202210,    30, , ,M,118306
ARMLP087860,               "COMODORO RIVADAVIA AERO", -45.7922,  -67.4619,    46.0,202211,    60, , ,M,118306
ARMLP087860,               "COMODORO RIVADAVIA AERO", -45.7922,  -67.4619,    46.0,202212,     0, , ,M,118306
ARMLP087860,               "COMODORO RIVADAVIA AERO", -45.7922,  -67.4619,    46.0,202301,   490, , ,M,118306
ARMLP087860,               "COMODORO RIVADAVIA AERO", -45.7922,  -67.4619,    46.0,202302,    10, , ,M,118306
ARMLP087860,               "COMODORO RIVADAVIA AERO", -45.7922,  -67.4619,    46.0,202303,    50, , ,M,118306
ARMLP087860,               "COMODORO RIVADAVIA AERO", -45.7922,  -67.4619,    46.0,202304,     0, , ,M,118306
ARMLP087860,               "COMODORO RIVADAVIA AERO", -45.7922,  -67.4619,    46.0,202305,    40, , ,M,118306
